origin_200 mse:22.919286101880807 ,acc=1.0
odd_0_200 : mse=4.189435416678552 ,acc=1.0
even_0_200 : mse=4.077103259569225 ,acc=1.0
odd_1_200 : mse=4.189435416678552 ,acc=1.0
even_1_200 : mse=4.452546725864275 ,acc=1.0
odd_3_200 : mse=4.552054539189209 ,acc=1.0
even_3_200 : mse=4.812900452200182 ,acc=1.0
k+1_odd_1_200 : mse=21.36952717521195 ,acc=1.0
k+1_even_1_200 : mse=22.319297444136037 ,acc=1.0
k+1_odd_3_200 : mse=21.64896937929119 ,acc=1.0
k+1_even_3_200 : mse=22.69130345530421 ,acc=1.0
OOitr_30_100_3 : mse=0.6027760650994332 ,acc=1.0
	30 is chosen from 100 trees
OOitr_40_100_3 : mse=1.1777522198624655 ,acc=1.0
	40 is chosen from 100 trees
OOitr_50_100_3 : mse=2.0843724094946743 ,acc=1.0
	50 is chosen from 100 trees
OOitr_30_66_5 : mse=1.0127888947159966 ,acc=1.0
	30 is chosen from 66 trees
OOitr_40_100_5 : mse=1.2216555402268405 ,acc=1.0
	40 is chosen from 100 trees
OOitr_50_66_5 : mse=3.8235449794101166 ,acc=1.0
	50 is chosen from 66 trees
OOitr_30_140_3 : mse=0.2893010770215539 ,acc=1.0
	30 is chosen from 140 trees
OOitr_40_140_3 : mse=0.41349719588412287 ,acc=1.0
	40 is chosen from 140 trees
OOitr_50_140_3 : mse=0.692363241273038 ,acc=1.0
	50 is chosen from 140 trees
OOitr_30_200_5 : mse=0.25156009298715687 ,acc=1.0
	30 is chosen from 200 trees
OOitr_40_200_5 : mse=0.28356708120938173 ,acc=1.0
	40 is chosen from 200 trees
OOitr_50_200_5 : mse=0.33385004328492995 ,acc=1.0
	50 is chosen from 200 trees

origin   		odd_0    		even_0   		odd_1    		even_1   		odd_3    		even_3   		k+1 odd_1		k+1 even_1		k+1 odd_3		k+1 even_3		oo_15    		oo_20    		oo_25    		oo_15    		oo_20    		oo_25    		oo_15_1  		oo_20_2  		oo_25_3  		oo_15_4  		oo_20_5  		oo_25_6  		label
-4.88931 		-2.45452 		-2.43479 		-2.45452 		-2.52146 		-2.53719 		-2.60804 		-4.71712 		-4.82722 		-4.74061 		-4.8713  		-1.39626 		-1.6309  		-1.88666 		-1.61724 		-1.68484 		-2.62153 		-1.08479 		-1.18729 		-1.34919 		-1.07628 		-1.10265 		-1.1649  		0.0      
-4.74777 		-2.2912  		-2.45657 		-2.2912  		-2.54324 		-2.37387 		-2.62982 		-4.39164 		-4.8702  		-4.41513 		-4.91428 		-1.29341 		-1.47661 		-1.82867 		-1.57162 		-1.52472 		-2.57591 		-1.0783  		-1.1788  		-1.32037 		-0.992593		-1.00506 		-1.05234 		0.0      
-3.93932 		-1.94406 		-1.99525 		-1.94406 		-2.07303 		-2.01891 		-2.14521 		-3.72488 		-3.95827 		-3.75038 		-3.99198 		-1.08751 		-1.24464 		-1.51422 		-1.27467 		-1.26705 		-1.84912 		-0.938908		-1.07994 		-1.20706 		-0.92867 		-0.952324		-1.0021  		0.0      
-3.45713 		-1.66374 		-1.7934  		-1.66374 		-1.88006 		-1.74641 		-1.96665 		-3.16119 		-3.56839 		-3.18467 		-3.61247 		-0.947261		-1.01464 		-1.23128 		-1.27197 		-1.06276 		-1.87235 		-0.911189		-0.970026		-1.12264 		-0.848723		-0.907169		-0.956484		0.0      
-4.54548 		-2.17794 		-2.36754 		-2.17794 		-2.45421 		-2.26062 		-2.54079 		-4.16529 		-4.6927  		-4.18877 		-4.73678 		-1.31662 		-1.51131 		-1.84232 		-1.59772 		-1.55943 		-2.60201 		-1.01604 		-1.051   		-1.21322 		-0.979282		-0.986324		-1.02096 		0.0      
-3.79201 		-1.76774 		-2.02428 		-1.76774 		-2.11094 		-1.85042 		-2.19753 		-3.35645 		-4.01843 		-3.37994 		-4.06251 		-1.08655 		-1.14242 		-1.35906 		-1.39975 		-1.19054 		-2.04241 		-1.07368 		-1.13251 		-1.28513 		-1.01121 		-1.06966 		-1.11897 		0.0      
-4.69354 		-2.12556 		-2.56797 		-2.12556 		-2.65621 		-2.21005 		-2.73738 		-4.06853 		-5.09762 		-4.09753 		-5.13535 		-1.28534 		-1.5079  		-1.7745  		-1.59285 		-1.55114 		-2.29984 		-1.071   		-1.21775 		-1.32795 		-1.05084 		-1.0882  		-1.13279 		0.0      
-5.08767 		-2.50243 		-2.58524 		-2.50243 		-2.68257 		-2.59524 		-2.77146 		-4.8005  		-5.13138 		-4.83255 		-5.17255 		-1.4014  		-1.6608  		-1.89921 		-1.5945  		-1.65768 		-2.63478 		-1.09596 		-1.19874 		-1.38836 		-1.09844 		-1.15015 		-1.22863 		0.0      
-4.76811 		-2.4296  		-2.33851 		-2.4296  		-2.43584 		-2.52241 		-2.52473 		-4.65477 		-4.63995 		-4.68682 		-4.68112 		-1.33813 		-1.61699 		-1.811   		-1.5787  		-1.61386 		-2.60646 		-1.14192 		-1.21874 		-1.3729  		-1.11563 		-1.16388 		-1.18235 		0.0      
-5.09828 		-2.46863 		-2.62964 		-2.46863 		-2.72698 		-2.56144 		-2.81586 		-4.73349 		-5.21979 		-4.76554 		-5.26096 		-1.3459  		-1.59333 		-1.89656 		-1.55286 		-1.60796 		-2.59314 		-1.115   		-1.21778 		-1.39819 		-1.09844 		-1.16918 		-1.24767 		0.0      
-4.7994  		-2.31086 		-2.48854 		-2.31086 		-2.58587 		-2.40368 		-2.67475 		-4.417   		-4.93637 		-4.44905 		-4.97755 		-1.45478 		-1.70836 		-2.07783 		-1.6271  		-1.73727 		-2.66737 		-0.943579		-0.990787		-1.19558 		-0.969633		-0.943162		-0.930944		0.0      
-2.69379 		-1.44497 		-1.24883 		-1.44497 		-1.3374  		-1.5294  		-1.41817 		-2.71085 		-2.47154 		-2.74007 		-2.50891 		-1.03512 		-1.1365  		-1.26653 		-1.37136 		-1.18125 		-1.74566 		-0.929446		-0.966112		-1.04781 		-0.936283		-0.985636		-0.980452		0.0      
-4.33663 		-2.17342 		-2.16321 		-2.17342 		-2.25178 		-2.25785 		-2.33256 		-4.15908 		-4.28804 		-4.1883  		-4.32541 		-1.28847 		-1.58537 		-1.88462 		-1.64265 		-1.60459 		-2.38193 		-0.995503		-1.05475 		-1.12858 		-1.02852 		-1.09433 		-1.11821 		0.0      
-5.27954 		-2.64488 		-2.63465 		-2.64488 		-2.73199 		-2.7377  		-2.82087 		-5.08398 		-5.22881 		-5.11603 		-5.26998 		-1.44817 		-1.74736 		-2.05059 		-1.68885 		-1.76199 		-2.72913 		-1.10306 		-1.23828 		-1.43386 		-1.09109 		-1.1059  		-1.12943 		0.0      
-5.47217 		-2.7027  		-2.76948 		-2.7027  		-2.86681 		-2.79551 		-2.9557  		-5.19942 		-5.49831 		-5.23147 		-5.53948 		-1.44817 		-1.74736 		-2.05059 		-1.68885 		-1.76199 		-2.72913 		-1.18459 		-1.3381  		-1.56305 		-1.1358  		-1.1506  		-1.2012  		0.0      
-5.32193 		-2.56075 		-2.76119 		-2.56075 		-2.85852 		-2.65356 		-2.9474  		-4.91592 		-5.48058 		-4.94797 		-5.52176 		-1.45478 		-1.74554 		-2.115   		-1.70291 		-1.77445 		-2.74318 		-1.08736 		-1.22645 		-1.46061 		-1.05565 		-1.05142 		-1.09672 		0.0      
-5.48185 		-2.71045 		-2.7714  		-2.71045 		-2.86873 		-2.80326 		-2.95762 		-5.21471 		-5.501   		-5.24676 		-5.54217 		-1.48885 		-1.81504 		-2.18451 		-1.70291 		-1.84395 		-2.74318 		-1.10356 		-1.24168 		-1.47583 		-1.08423 		-1.09647 		-1.16072 		0.0      
-2.52706 		-1.32251 		-1.20455 		-1.32251 		-1.21883 		-1.36645 		-1.26102 		-2.57632 		-2.35532 		-2.59142 		-2.37492 		-0.66444 		-0.857385		-0.992104		-0.92522 		-0.867043		-1.61666 		-0.57835 		-0.593459		-0.755169		-0.603269		-0.650175		-0.677535		0.0      
-3.80801 		-2.04567 		-1.76233 		-2.04567 		-1.84983 		-2.1175  		-1.9192  		-3.91904 		-3.50645 		-3.94344 		-3.53889 		-1.07996 		-1.32483 		-1.49571 		-1.27295 		-1.32025 		-1.85695 		-0.879811		-0.931764		-1.10713 		-0.945864		-1.00794 		-1.05428 		0.0      
-4.65443 		-2.4653  		-2.18913 		-2.4653  		-2.28357 		-2.55548 		-2.37002 		-4.73174 		-4.3411  		-4.76282 		-4.38119 		-1.2959  		-1.55112 		-1.84533 		-1.54289 		-1.57689 		-2.53201 		-1.11104 		-1.16405 		-1.3429  		-1.06456 		-1.11147 		-1.13883 		0.0      
-2.10012 		-1.27869 		-0.821434		-1.27869 		-0.908933		-1.35051 		-0.9783  		-2.40129 		-1.6437  		-2.4257  		-1.67615 		-0.776655		-0.948888		-0.982879		-0.904997		-0.910856		-1.16604 		-0.619196		-0.622495		-0.744818		-0.635748		-0.65314 		-0.664594		0.0      
-4.61639 		-2.31761 		-2.29878 		-2.31761 		-2.39612 		-2.41042 		-2.485   		-4.43054 		-4.55807 		-4.46259 		-4.59925 		-1.25319 		-1.553   		-1.90725 		-1.63985 		-1.56763 		-2.68348 		-1.03977 		-1.15427 		-1.25583 		-0.994427		-1.02866 		-1.05305 		0.0      
-4.15105 		-2.34588 		-1.80517 		-2.34588 		-1.89374 		-2.43031 		-1.97451 		-4.50055 		-3.57684 		-4.52977 		-3.6142  		-1.20204 		-1.57211 		-1.90451 		-1.57752 		-1.5617  		-2.26809 		-1.02584 		-1.11248 		-1.18398 		-1.02745 		-1.02936 		-1.03883 		0.0      
-4.67526 		-2.57793 		-2.09733 		-2.57793 		-2.1859  		-2.66236 		-2.26668 		-4.96419 		-4.16045 		-4.9934  		-4.19782 		-1.29677 		-1.66685 		-1.99925 		-1.57752 		-1.65644 		-2.26809 		-1.0802  		-1.21112 		-1.35446 		-1.12479 		-1.16378 		-1.19761 		0.0      
-4.36853 		-2.39161 		-1.97692 		-2.39161 		-2.07425 		-2.48443 		-2.16313 		-4.5776  		-3.91687 		-4.60965 		-3.95804 		-1.27616 		-1.56567 		-1.81676 		-1.68115 		-1.56255 		-2.71227 		-1.05396 		-1.10962 		-1.20788 		-1.02528 		-1.04772 		-1.0757  		0.0      
-4.40952 		-2.30354 		-2.10598 		-2.30354 		-2.20332 		-2.39635 		-2.2922  		-4.40143 		-4.17306 		-4.43348 		-4.21423 		-1.29627 		-1.6187  		-1.91418 		-1.69695 		-1.61557 		-2.74059 		-0.953697		-1.0682  		-1.13124 		-0.954597		-0.951217		-0.975608		0.0      
-5.64298 		-2.89653 		-2.74645 		-2.89653 		-2.84378 		-2.98935 		-2.93267 		-5.58565 		-5.45221 		-5.6177  		-5.49339 		-1.43575 		-1.75692 		-2.13907 		-1.77429 		-1.78583 		-2.80541 		-1.21277 		-1.33004 		-1.52915 		-1.14491 		-1.22879 		-1.29848 		0.0      
-7.00186 		-3.48063 		-3.52123 		-3.48063 		-3.6098  		-3.56506 		-3.69057 		-6.76648 		-6.99961 		-6.79569 		-7.03698 		-1.42261 		-1.75806 		-2.18146 		-1.72457 		-1.78464 		-2.7619  		-1.37458 		-1.62398 		-1.85818 		-1.29867 		-1.47982 		-1.68409 		0.0      
-1.65853 		-1.14196 		-0.516572		-1.14196 		-0.583239		-1.1859  		-0.625425		-2.17336 		-1.0444  		-2.18846 		-1.06399 		-0.700864		-0.800212		-0.848295		-0.801529		-0.808541		-0.993708		-0.41839 		-0.488082		-0.636918		-0.576419		-0.562992		-0.59729 		0.0      
-2.17512 		-1.04479 		-1.13033 		-1.04479 		-1.11922 		-1.13076 		-1.20171 		-2.04188 		-2.16293 		-2.07147 		-2.20122 		-0.830094		-0.973662		-1.1651  		-0.901305		-0.904929		-1.45324 		-0.787173		-0.828108		-0.886393		-0.667922		-0.674022		-0.672876		0.0      
-3.40527 		-1.8127  		-1.59257 		-1.8127  		-1.65924 		-1.85664 		-1.70143 		-3.5003  		-3.17994 		-3.5154  		-3.19954 		-1.03437 		-1.32155 		-1.57967 		-1.07403 		-1.33992 		-1.7717  		-0.650539		-0.717273		-0.9027  		-0.645682		-0.682605		-0.716939		0.0      
-3.83484 		-2.29354 		-1.5413  		-2.29354 		-1.63574 		-2.38372 		-1.72219 		-4.39328 		-3.05722 		-4.42436 		-3.09731 		-1.28511 		-1.43813 		-1.54275 		-1.48364 		-1.46083 		-2.06337 		-1.07283 		-1.18048 		-1.34645 		-1.03622 		-1.05794 		-1.09224 		0.0      
-4.89695 		-2.57153 		-2.32542 		-2.57153 		-2.41004 		-2.65269 		-2.48811 		-4.95894 		-4.6162  		-4.98673 		-4.65255 		-1.2627  		-1.50304 		-1.77116 		-1.42018 		-1.50455 		-2.33821 		-1.18823 		-1.30803 		-1.51398 		-1.04564 		-1.0878  		-1.1782  		0.0      
-5.10785 		-2.47957 		-2.62828 		-2.47957 		-2.72561 		-2.57239 		-2.81449 		-4.75628 		-5.21784 		-4.78833 		-5.25901 		-1.30737 		-1.44828 		-1.72396 		-1.64687 		-1.46292 		-2.59206 		-1.27006 		-1.42436 		-1.56328 		-1.10561 		-1.21301 		-1.26883 		0.0      
-2.6045  		-1.25506 		-1.34944 		-1.25506 		-1.42722 		-1.3299  		-1.4994  		-2.35927 		-2.68396 		-2.38477 		-2.71766 		-0.765115		-1.02295 		-1.05838 		-0.792947		-0.953991		-0.963286		-0.885345		-0.916375		-0.959919		-0.753365		-0.828842		-0.891075		0.0      
-3.23257 		-1.61918 		-1.61339 		-1.61918 		-1.70196 		-1.70361 		-1.78274 		-3.071   		-3.21741 		-3.10021 		-3.25477 		-0.78251 		-0.994785		-1.13566 		-1.04193 		-1.07429 		-1.72243 		-0.860148		-0.861502		-0.868061		-0.804207		-0.850266		-0.921133		0.0      
-3.78216 		-1.92164 		-1.86051 		-1.92164 		-1.95218 		-2.00928 		-2.03627 		-3.65683 		-3.69064 		-3.68699 		-3.72968 		-1.05761 		-1.16086 		-1.27718 		-1.28934 		-1.14298 		-2.10993 		-1.04596 		-1.13763 		-1.13455 		-0.984901		-1.0068  		-1.081   		0.0      
-2.50715 		-1.01985 		-1.4873  		-1.01985 		-1.4873  		-1.01985 		-1.4873  		-2.02316 		-2.94899 		-2.02316 		-2.94899 		-0.624195		-0.784742		-1.0081  		-0.74761 		-0.766494		-0.991109		-0.515214		-0.594965		-0.635351		-0.404253		-0.456837		-0.533447		0.0      
-4.5233  		-2.15034 		-2.37296 		-2.15034 		-2.46463 		-2.23798 		-2.54871 		-4.11058 		-4.70876 		-4.14074 		-4.74779 		-1.167   		-1.27694 		-1.5063  		-1.5108  		-1.28539 		-2.43869 		-1.09981 		-1.21846 		-1.2411  		-1.00678 		-1.06122 		-1.15337 		0.0      
5.45506  		2.66999  		2.78507  		2.66999  		2.87817  		2.75894  		2.96348  		5.14834  		5.53414  		5.17898  		5.57372  		1.42614  		1.79372  		2.16454  		1.51185  		1.81993  		2.03416  		1.25241  		1.44867  		1.62022  		1.16792  		1.30019  		1.44133  		1.0      
6.24475  		3.12933  		3.11542  		3.12933  		3.21484  		3.22405  		3.30549  		6.04454  		6.18639  		6.0773   		6.22835  		1.6489   		2.06023  		2.50755  		1.88395  		2.08802  		2.99491  		1.20923  		1.33237  		1.56891  		1.14803  		1.21574  		1.29258  		1.0      
3.97142  		1.92469  		2.04673  		1.92469  		2.13497  		2.00918  		2.21613  		3.6738   		4.06504  		3.7028   		4.10277  		1.26544  		1.6421   		1.94718  		1.30865  		1.65836  		1.66958  		1.05933  		1.12411  		1.25435  		1.0057   		1.04798  		1.10572  		1.0      
3.70748  		1.8954   		1.81208  		1.8954   		1.90375  		1.98304  		1.98784  		3.60181  		3.59067  		3.63196  		3.62971  		1.18866  		1.48932  		1.75553  		1.30453  		1.51495  		2.17278  		0.932912 		0.934547 		0.946118 		0.945561 		0.994319 		1.0361   		1.0      
6.63211  		3.34048  		3.29163  		3.34048  		3.39105  		3.4352   		3.4817   		6.46666  		6.53832  		6.49941  		6.58028  		1.64111  		2.05244  		2.49976  		1.88395  		2.08023  		2.99491  		1.29094  		1.52789  		1.73881  		1.17105  		1.2662   		1.37539  		1.0      
6.56908  		3.32345  		3.24563  		3.32345  		3.34525  		3.41834  		3.43606  		6.43089  		6.44475  		6.4637   		6.48678  		1.73624  		2.19837  		2.68182  		1.89534  		2.2248   		3.0145   		1.18436  		1.33282  		1.72116  		1.15812  		1.21937  		1.28827  		1.0      
5.83005  		2.92877  		2.90128  		2.92877  		2.99439  		3.01772  		3.07969  		5.66034  		5.76309  		5.69098  		5.80267  		1.41938  		1.78696  		2.13976  		1.59943  		1.81317  		2.51877  		1.25071  		1.4172   		1.60927  		1.16177  		1.29409  		1.42068  		1.0      
7.43789  		3.73842  		3.69947  		3.73842  		3.79909  		3.83332  		3.8899   		7.26026  		7.35175  		7.29308  		7.39378  		1.73624  		2.19837  		2.68182  		1.89534  		2.2248   		3.0145   		1.35457  		1.62762  		2.01596  		1.25476  		1.38687  		1.54012  		1.0      
6.56908  		3.32345  		3.24563  		3.32345  		3.34525  		3.41834  		3.43606  		6.43089  		6.44475  		6.4637   		6.48678  		1.73624  		2.19837  		2.68182  		1.89534  		2.2248   		3.0145   		1.18436  		1.33282  		1.72116  		1.15812  		1.21937  		1.28827  		1.0      
3.74219  		1.91847  		1.82372  		1.91847  		1.91539  		2.0061   		1.99948  		3.64758  		3.61379  		3.67774  		3.65282  		1.21187  		1.52403  		1.79023  		1.33924  		1.54966  		2.20749  		0.932912 		0.934552 		0.946109 		0.945571 		0.994321 		1.03611  		1.0      
6.56322  		3.31015  		3.25307  		3.31015  		3.35249  		3.40487  		3.44314  		6.40633  		6.46123  		6.43908  		6.50319  		1.62631  		2.03764  		2.48495  		1.88395  		2.06544  		2.99491  		1.2607   		1.43128  		1.64871  		1.0889   		1.22126  		1.31365  		1.0      
6.85253  		3.47426  		3.37828  		3.47426  		3.47789  		3.56915  		3.5687   		6.73243  		6.70985  		6.76525  		6.75188  		1.73624  		2.19837  		2.68182  		1.89534  		2.2248   		3.0145   		1.31992  		1.52186  		1.91019  		1.12951  		1.18773  		1.22736  		1.0      
7.84472  		3.92914  		3.91558  		3.92914  		4.0152   		4.02403  		4.10601  		7.64131  		7.78354  		7.67412  		7.82556  		1.73624  		2.19837  		2.68182  		1.89534  		2.2248   		3.0145   		1.44727  		1.80487  		2.19321  		1.27178  		1.413    		1.59809  		1.0      
6.94731  		3.43739  		3.50992  		3.43739  		3.60954  		3.53228  		3.70035  		6.65891  		6.97327  		6.69172  		7.0153   		1.73624  		2.19837  		2.68182  		1.89534  		2.2248   		3.0145   		1.32767  		1.48394  		1.87228  		1.23851  		1.32816  		1.43279  		1.0      
3.96468  		2.03819  		1.92649  		2.03819  		2.01849  		2.12613  		2.10286  		3.88695  		3.82106  		3.91722  		3.86023  		1.0433   		1.23155  		1.39983  		1.28247  		1.22132  		2.21245  		1.10318  		1.26468  		1.33375  		0.966272 		0.989422 		1.0002   		1.0      
3.62923  		1.83923  		1.79     		1.83923  		1.87824  		1.92372  		1.9594   		3.50257  		3.55459  		3.53157  		3.59232  		1.23217  		1.48988  		1.66401  		1.24877  		1.50071  		1.67489  		1.08895  		1.20888  		1.41633  		0.95758  		0.991723 		1.03139  		1.0      
7.26186  		3.59107  		3.67079  		3.59107  		3.77022  		3.68579  		3.86087  		6.96671  		7.29463  		6.99946  		7.33659  		1.70685  		2.14196  		2.60665  		1.88395  		2.16799  		2.99491  		1.33345  		1.64129  		1.95506  		1.12117  		1.1891   		1.29142  		1.0      
5.46021  		2.84753  		2.61268  		2.84753  		2.70578  		2.93648  		2.79109  		5.49869  		5.19142  		5.52932  		5.231    		1.36515  		1.64175  		1.92287  		1.53622  		1.66105  		2.32075  		1.28045  		1.501    		1.70324  		1.10407  		1.24295  		1.33868  		1.0      
7.15683  		3.64896  		3.50787  		3.64896  		3.60749  		3.74386  		3.6983   		7.08118  		6.96843  		7.11399  		7.01046  		1.73624  		2.19837  		2.68182  		1.89534  		2.2248   		3.0145   		1.25561  		1.55741  		1.94575  		1.16039  		1.22062  		1.33734  		1.0      
6.12213  		3.05235  		3.06978  		3.05235  		3.1692   		3.14707  		3.25985  		5.89249  		6.09488  		5.92524  		6.13684  		1.4023   		1.6844   		2.04325  		1.88395  		1.71044  		2.99491  		1.18729  		1.3619   		1.50876  		1.13529  		1.1958   		1.29582  		1.0      
7.22948  		3.69513  		3.53435  		3.69513  		3.63397  		3.79002  		3.72478  		7.17347  		7.02138  		7.20629  		7.06341  		1.73624  		2.19837  		2.68182  		1.89534  		2.2248   		3.0145   		1.30616  		1.60805  		1.99639  		1.17149  		1.25634  		1.37664  		1.0      
7.01152  		3.53531  		3.47621  		3.53531  		3.57583  		3.6302   		3.66664  		6.85402  		6.9052   		6.88683  		6.94723  		1.73624  		2.19837  		2.68182  		1.89534  		2.2248   		3.0145   		1.24849  		1.53033  		1.91867  		1.14503  		1.17873  		1.28071  		1.0      
4.04794  		2.05622  		1.99172  		2.05622  		2.08483  		2.14517  		2.17013  		3.92124  		3.94962  		3.95187  		3.9892   		1.13539  		1.29884  		1.50815  		1.49566  		1.31667  		2.28597  		1.078    		1.1447   		1.16575  		1.02767  		1.08033  		1.14822  		1.0      
7.03477  		3.5844   		3.45038  		3.5844   		3.54999  		3.67929  		3.6408   		6.9521   		6.85356  		6.98492  		6.89559  		1.73624  		2.19837  		2.68182  		1.89534  		2.2248   		3.0145   		1.25409  		1.54226  		1.9306   		1.14442  		1.19246  		1.29931  		1.0      
6.86969  		3.5102   		3.3595   		3.5102   		3.45911  		3.60509  		3.54992  		6.80371  		6.67174  		6.83652  		6.71377  		1.73624  		2.19837  		2.68182  		1.89534  		2.2248   		3.0145   		1.1924   		1.48067  		1.86901  		1.08439  		1.11587  		1.17601  		1.0      
3.52519  		1.84662  		1.67857  		1.84662  		1.77167  		1.93558  		1.85698  		3.50609  		3.32762  		3.53673  		3.3672   		1.1058   		1.29356  		1.46878  		1.44493  		1.29165  		1.92942  		1.04521  		1.06947  		1.0807   		1.05167  		1.10433  		1.16891  		1.0      
5.65895  		2.7798   		2.87916  		2.7798   		2.97858  		2.87452  		3.06923  		5.34881  		5.71446  		5.38156  		5.75641  		1.29461  		1.50351  		1.84135  		1.88395  		1.52956  		2.99491  		1.18223  		1.29197  		1.35809  		1.1013   		1.15573  		1.23366  		1.0      
5.92037  		3.0198   		2.90057  		3.0198   		3.00019  		3.11469  		3.091    		5.82396  		5.75506  		5.85678  		5.79708  		1.73624  		2.19837  		2.68182  		1.89534  		2.2248   		3.0145   		1.12004  		1.2044   		1.59274  		1.02835  		1.01087  		0.986142 		1.0      
5.37012  		2.6045   		2.76562  		2.6045   		2.86505  		2.69922  		2.9557   		4.99903  		5.48739  		5.03178  		5.52935  		1.34434  		1.52752  		1.83563  		1.88395  		1.55356  		2.99491  		1.11239  		1.19026  		1.2238   		1.04781  		1.07941  		1.11288  		1.0      
5.03604  		2.39207  		2.64397  		2.39207  		2.74339  		2.48679  		2.83404  		4.57515  		5.24493  		4.6079   		5.28689  		1.2814   		1.36314  		1.63854  		1.88395  		1.38919  		2.99491  		1.10544  		1.14673  		1.16394  		1.02111  		1.03901  		1.05928  		1.0      
5.86217  		2.85926  		3.00291  		2.85926  		3.10233  		2.95398  		3.19298  		5.50729  		5.96175  		5.54004  		6.0037   		1.36163  		1.5639   		1.94056  		1.88395  		1.58995  		2.99491  		1.1675   		1.322    		1.35724  		1.04819  		1.13391  		1.21316  		1.0      
4.86614  		2.3012   		2.56493  		2.3012   		2.66436  		2.39592  		2.75501  		4.39379  		5.08699  		4.42654  		5.12894  		1.2409   		1.32263  		1.57355  		1.88395  		1.34868  		2.99491  		1.08188  		1.12653  		1.12262  		0.970075 		0.968019 		0.9801   		1.0      
7.41246  		3.68895  		3.72351  		3.68895  		3.82313  		3.78385  		3.91394  		7.16135  		7.39971  		7.19417  		7.44174  		1.73624  		2.19837  		2.68182  		1.89534  		2.2248   		3.0145   		1.36079  		1.6549   		2.04324  		1.21901  		1.31966  		1.46296  		1.0      
6.86786  		3.33649  		3.53137  		3.33649  		3.6308   		3.43121  		3.72144  		6.46     		7.0168   		6.49275  		7.05876  		1.6097   		1.86241  		2.32323  		1.88395  		1.88907  		2.99491  		1.34761  		1.58668  		1.85203  		1.21594  		1.36072  		1.50773  		1.0      
7.05118  		3.52416  		3.52701  		3.52416  		3.62644  		3.61888  		3.71709  		6.83318  		7.00797  		6.86593  		7.04993  		1.68802  		2.10807  		2.56889  		1.88395  		2.13473  		2.99491  		1.33147  		1.5779   		1.89635  		1.21604  		1.31704  		1.4383   		1.0      
5.57891  		2.77261  		2.8063   		2.77261  		2.8938   		2.85642  		2.97434  		5.36117  		5.57568  		5.38993  		5.61313  		1.43136  		1.778    		2.16035  		1.55199  		1.8035   		2.18128  		1.20717  		1.42158  		1.65699  		1.1106   		1.18782  		1.2918   		1.0      
7.08717  		3.57955  		3.50762  		3.57955  		3.60022  		3.66803  		3.68509  		6.95836  		6.97261  		6.98883  		7.012    		1.57644  		2.01185  		2.37805  		1.71093  		2.03717  		2.74173  		1.40157  		1.66829  		2.04081  		1.35181  		1.49664  		1.68327  		1.0      
6.98601  		3.47442  		3.51159  		3.47442  		3.61102  		3.56914  		3.70166  		6.73377  		6.97714  		6.76652  		7.01909  		1.68802  		2.10807  		2.56889  		1.88395  		2.13473  		2.99491  		1.28942  		1.53594  		1.8544   		1.20861  		1.29812  		1.4194   		1.0      
7.46596  		3.79332  		3.67265  		3.79332  		3.77226  		3.88821  		3.86307  		7.37007  		7.29825  		7.40289  		7.34028  		1.73624  		2.19837  		2.68182  		1.89534  		2.2248   		3.0145   		1.38436  		1.63066  		2.019    		1.27566  		1.42038  		1.58926  		1.0      
6.69801  		3.37005  		3.32795  		3.37005  		3.42757  		3.46495  		3.51838  		6.52408  		6.60935  		6.55689  		6.65138  		1.73624  		2.19837  		2.68182  		1.89534  		2.2248   		3.0145   		1.29281  		1.43336  		1.82169  		1.19385  		1.27393  		1.36961  		1.0      
5.92754  		2.89187  		3.03567  		2.89187  		3.12826  		2.98036  		3.21313  		5.58841  		6.03149  		5.61887  		6.07087  		1.38788  		1.61813  		1.97373  		1.61282  		1.64345  		2.5372   		1.2708   		1.4619   		1.65229  		1.16989  		1.31486  		1.46187  		1.0      
3.97952  		1.87458  		2.10494  		1.87458  		2.1966   		1.96222  		2.28069  		3.56191  		4.1758   		3.59206  		4.21484  		1.13065  		1.19616  		1.38445  		1.27437  		1.22067  		2.19642  		1.05512  		1.11836  		1.17496  		0.997091 		1.06782  		1.15805  		1.0      
6.99797  		3.4953   		3.50266  		3.4953   		3.60209  		3.59002  		3.69274  		6.77554  		6.9593   		6.80829  		7.00126  		1.68802  		2.10807  		2.56889  		1.88395  		2.13473  		2.99491  		1.28964  		1.52708  		1.83763  		1.23775  		1.32753  		1.44867  		1.0      
3.6683   		1.6348   		2.0335   		1.6348   		2.121    		1.71861  		2.20154  		3.09603  		4.03825  		3.12479  		4.0757   		1.22084  		1.4653   		1.61132  		1.32141  		1.48085  		1.74781  		1.06387  		1.1378   		1.25171  		0.888544 		0.915884 		0.954423 		1.0      
6.46279  		3.2691   		3.19369  		3.2691   		3.29331  		3.36399  		3.38412  		6.32221  		6.3408   		6.35503  		6.38282  		1.73624  		2.19837  		2.68182  		1.89534  		2.2248   		3.0145   		1.1531   		1.29369  		1.68203  		1.07242  		1.13048  		1.21448  		1.0      
7.00045  		3.42611  		3.57435  		3.42611  		3.67396  		3.521    		3.76477  		6.63598  		7.10163  		6.6688   		7.14366  		1.73624  		2.19837  		2.68182  		1.89534  		2.2248   		3.0145   		1.2864   		1.51171  		1.90005  		1.17183  		1.25157  		1.33705  		1.0      
3.58445  		1.57324  		2.01121  		1.57324  		2.10288  		1.66088  		2.18697  		2.96067  		3.98837  		2.99082  		4.0274   		1.10785  		1.10733  		1.28943  		1.31136  		1.13184  		2.23341  		1.00015  		0.997022 		1.0302   		0.926712 		0.98483  		1.04685  		1.0      
5.69015  		2.86725  		2.8229   		2.86725  		2.92232  		2.96197  		3.01297  		5.52209  		5.60159  		5.55484  		5.64354  		1.30577  		1.62905  		2.09485  		1.88395  		1.65509  		2.99491  		1.0657   		1.23904  		1.27675  		1.08527  		1.12647  		1.16464  		1.0      
5.9836   		3.15815  		2.82545  		3.15815  		2.92507  		3.25304  		3.01588  		6.10049  		5.60483  		6.1333   		5.64685  		1.73624  		2.19837  		2.68182  		1.89534  		2.2248   		3.0145   		1.15991  		1.24508  		1.63342  		1.0686   		1.0556   		1.0427   		1.0      
1.52647  		1.00003  		0.526435 		1.00003  		0.437864 		0.915597 		0.357091 		2.06913  		1.0013   		2.03992  		0.963931 		0.157011 		0.29192  		0.534024 		0.334926 		0.265139 		0.647468 		0.146412 		0.210296 		0.185133 		0.170795 		0.226442 		0.253242 		1.0      
5.43985  		2.69308  		2.74677  		2.69308  		2.84619  		2.7878   		2.93684  		5.17441  		5.44957  		5.20716  		5.49153  		1.27775  		1.5528   		2.01859  		1.88395  		1.57884  		2.99491  		1.05307  		1.19255  		1.20864  		1.07052  		1.05984  		1.07625  		1.0      
5.41071  		2.75046  		2.66025  		2.75046  		2.75968  		2.84518  		2.85033  		5.28926  		5.27665  		5.32201  		5.3186   		1.27879  		1.51935  		1.98518  		1.88395  		1.54541  		2.99491  		1.06567  		1.19212  		1.2083   		1.07345  		1.05088  		1.07656  		1.0      
6.62339  		3.38102  		3.24237  		3.38102  		3.34198  		3.47592  		3.43279  		6.54599  		6.43822  		6.57881  		6.48025  		1.73624  		2.19837  		2.68182  		1.89534  		2.2248   		3.0145   		1.23714  		1.38241  		1.77074  		1.16745  		1.21169  		1.28487  		1.0      
6.62429  		3.39624  		3.22805  		3.39624  		3.32767  		3.49113  		3.41848  		6.57587  		6.40892  		6.60869  		6.45095  		1.73624  		2.19837  		2.68182  		1.89534  		2.2248   		3.0145   		1.19248  		1.47127  		1.8596   		1.01984  		0.993074 		1.01247  		1.0      
5.83254  		3.01838  		2.81416  		3.01838  		2.91378  		3.11327  		3.00459  		5.82107  		5.58226  		5.85389  		5.62429  		1.73624  		2.19837  		2.68182  		1.89534  		2.2248   		3.0145   		1.13414  		1.21926  		1.6076   		1.01628  		0.964546 		0.918997 		1.0      
5.99891  		3.10797  		2.89094  		3.10797  		2.99056  		3.20286  		3.08137  		6.00007  		5.73558  		6.03288  		5.7776   		1.73624  		2.19837  		2.68182  		1.89534  		2.2248   		3.0145   		1.08183  		1.2106   		1.59894  		0.996401 		0.948191 		0.962697 		1.0      
6.00988  		3.1382   		2.87168  		3.1382   		2.9713   		3.23309  		3.06211  		6.0606   		5.69724  		6.09342  		5.73926  		1.73624  		2.19837  		2.68182  		1.89534  		2.2248   		3.0145   		1.11712  		1.23808  		1.62642  		1.03855  		0.988622 		0.975124 		1.0      
3.55041  		1.8849   		1.66551  		1.8849   		1.7581   		1.97338  		1.84297  		3.58084  		3.30069  		3.61131  		3.34007  		1.08578  		1.20617  		1.31972  		1.40736  		1.1902   		2.15749  		1.08301  		1.09743  		1.12954  		1.06235  		1.10672  		1.14685  		1.0      
7.24274  		3.68486  		3.55788  		3.68486  		3.65749  		3.77976  		3.7483   		7.15293  		7.0684   		7.18575  		7.11043  		1.73624  		2.19837  		2.68182  		1.89534  		2.2248   		3.0145   		1.28833  		1.60746  		1.9958   		1.13824  		1.21875  		1.36182  		1.0      
6.1537   		3.3159   		2.8378   		3.3159   		2.93039  		3.40439  		3.01527  		6.43251  		5.63787  		6.46298  		5.67726  		1.51991  		1.89507  		2.17211  		1.61659  		1.93318  		2.62317  		1.27561  		1.45992  		1.84774  		1.30355  		1.41361  		1.58199  		1.0      
2.01618  		0.834983 		1.18119  		0.834983 		1.25262  		0.903924 		1.31928  		1.568    		2.35991  		1.59137  		2.39112  		0.376778 		0.440662 		0.595629 		0.499883 		0.507873 		0.803476 		0.332011 		0.443182 		0.516074 		0.351206 		0.387656 		0.454259 		1.0      
6.62939  		3.36925  		3.26014  		3.36925  		3.35976  		3.46414  		3.45057  		6.52243  		6.47371  		6.55525  		6.51574  		1.73624  		2.19837  		2.68182  		1.89534  		2.2248   		3.0145   		1.25423  		1.41968  		1.80801  		1.14088  		1.20045  		1.26931  		1.0      
6.25327  		3.15962  		3.09365  		3.15962  		3.19327  		3.25451  		3.28408  		6.10343  		6.14108  		6.13625  		6.18311  		1.73624  		2.19837  		2.68182  		1.89534  		2.2248   		3.0145   		1.1841   		1.32518  		1.71352  		1.10785  		1.05856  		1.08572  		1.0      
6.02875  		2.98347  		3.04527  		2.98347  		3.14489  		3.07837  		3.2357   		5.75143  		6.04443  		5.78425  		6.08646  		1.73624  		2.19837  		2.68182  		1.89534  		2.2248   		3.0145   		1.15782  		1.27537  		1.66371  		1.05209  		0.986328 		0.984505 		1.0      
3.4958   		1.87728  		1.61852  		1.87728  		1.71111  		1.96576  		1.79598  		3.56524  		3.20739  		3.5957   		3.24678  		1.04704  		1.16744  		1.25116  		1.36945  		1.15147  		2.14323  		1.09868  		1.1107   		1.11962  		1.03575  		1.09535  		1.14216  		1.0      
7.09701  		3.58468  		3.51233  		3.58468  		3.61194  		3.67957  		3.70275  		6.95262  		6.97738  		6.98544  		7.01941  		1.73624  		2.19837  		2.68182  		1.89534  		2.2248   		3.0145   		1.3061   		1.60499  		1.99333  		1.11343  		1.18153  		1.30989  		1.0      
6.62939  		3.36925  		3.26014  		3.36925  		3.35976  		3.46414  		3.45057  		6.52243  		6.47371  		6.55525  		6.51574  		1.73624  		2.19837  		2.68182  		1.89534  		2.2248   		3.0145   		1.25423  		1.41968  		1.80801  		1.14088  		1.20045  		1.26931  		1.0      
3.4958   		1.87728  		1.61852  		1.87728  		1.71111  		1.96576  		1.79598  		3.56524  		3.20739  		3.5957   		3.24678  		1.04704  		1.16744  		1.25116  		1.36945  		1.15147  		2.14323  		1.09868  		1.1107   		1.11962  		1.03575  		1.09535  		1.14216  		1.0      
6.72506  		3.45626  		3.26881  		3.45626  		3.36842  		3.55115  		3.45923  		6.69634  		6.49088  		6.72915  		6.53291  		1.73624  		2.19837  		2.68182  		1.89534  		2.2248   		3.0145   		1.18823  		1.40455  		1.79288  		1.1568   		1.20445  		1.28161  		1.0      
7.11874  		3.60626  		3.51247  		3.60626  		3.61209  		3.70116  		3.7029   		6.99577  		6.97769  		7.02859  		7.01972  		1.73624  		2.19837  		2.68182  		1.89534  		2.2248   		3.0145   		1.30606  		1.59397  		1.98231  		1.11368  		1.18162  		1.30992  		1.0      
6.81053  		3.40864  		3.40188  		3.40864  		3.5015   		3.50354  		3.59231  		6.60066  		6.75647  		6.63348  		6.7985   		1.73624  		2.19837  		2.68182  		1.89534  		2.2248   		3.0145   		1.19562  		1.48364  		1.87198  		1.04459  		1.067    		1.11872  		1.0      
5.82508  		2.87442  		2.95066  		2.87442  		3.05009  		2.96914  		3.14074  		5.53616  		5.85643  		5.56891  		5.89839  		1.42438  		1.73483  		2.20064  		1.88395  		1.76087  		2.99491  		1.12772  		1.21958  		1.29928  		1.07006  		1.10895  		1.14672  		1.0      
3.51207  		1.85511  		1.65696  		1.85511  		1.74955  		1.94359  		1.83443  		3.52211  		3.28532  		3.55258  		3.32471  		1.00597  		1.06203  		1.20204  		1.39869  		1.07791  		2.0394   		1.08166  		1.09982  		1.0944   		1.07451  		1.17205  		1.24729  		1.0      
5.33289  		2.55473  		2.77816  		2.55473  		2.87759  		2.64945  		2.96823  		4.89789  		5.51167  		4.93064  		5.55363  		1.37503  		1.60056  		2.06638  		1.88395  		1.62662  		2.99491  		1.02644  		1.09176  		1.16926  		0.955504 		0.952911 		0.963472 		1.0      
6.28871  		3.15609  		3.13262  		3.15609  		3.23224  		3.25098  		3.32305  		6.09628  		6.21882  		6.12909  		6.26085  		1.73624  		2.19837  		2.68182  		1.89534  		2.2248   		3.0145   		1.15629  		1.28027  		1.66861  		1.05818  		1.05488  		1.08659  		1.0      
5.10259  		2.67073  		2.43187  		2.67073  		2.53129  		2.76544  		2.62194  		5.12976  		4.82419  		5.16251  		4.86615  		1.36429  		1.57168  		1.84401  		1.88395  		1.59155  		2.99491  		1.11748  		1.24313  		1.37013  		1.09879  		1.12752  		1.15142  		1.0      
5.12331  		2.70702  		2.41629  		2.70702  		2.51572  		2.80174  		2.60636  		5.20201  		4.79313  		5.23476  		4.83508  		1.30921  		1.55096  		1.81622  		1.88395  		1.57104  		2.99491  		1.12306  		1.31435  		1.39499  		1.07357  		1.05841  		1.09216  		1.0      
7.17679  		3.51242  		3.66437  		3.51242  		3.76399  		3.60731  		3.8548   		6.80842  		7.28155  		6.84124  		7.32358  		1.73624  		2.19837  		2.68182  		1.89534  		2.2248   		3.0145   		1.37964  		1.69914  		2.08748  		1.17368  		1.2378   		1.344    		1.0      
5.77002  		2.84891  		2.92111  		2.84891  		3.02054  		2.94363  		3.11119  		5.48624  		5.80031  		5.51899  		5.84227  		1.35079  		1.54946  		1.9033   		1.88395  		1.57295  		2.99491  		1.31463  		1.51613  		1.65041  		1.14936  		1.21314  		1.28484  		1.0      
3.89481  		1.79071  		2.10409  		1.79071  		2.19076  		1.87376  		2.27059  		3.40597  		4.1751   		3.43445  		4.21224  		1.09163  		1.22104  		1.33935  		1.41421  		1.24562  		2.07591  		1.13395  		1.20318  		1.28299  		1.0135   		1.07806  		1.14205  		1.0      
5.05858  		2.68826  		2.37032  		2.68826  		2.46975  		2.78298  		2.5604   		5.16453  		4.70148  		5.19728  		4.74343  		1.30039  		1.54213  		1.80739  		1.88395  		1.56221  		2.99491  		1.10883  		1.26988  		1.34615  		1.07347  		1.05835  		1.09213  		1.0      
6.47423  		3.30393  		3.1703   		3.30393  		3.26973  		3.39865  		3.36037  		6.3937   		6.29575  		6.42645  		6.33771  		1.46626  		1.88106  		2.34686  		1.88395  		1.90709  		2.99491  		1.1964   		1.40716  		1.52027  		1.16207  		1.22003  		1.36144  		1.0      
7.01258  		3.49191  		3.52066  		3.49191  		3.62028  		3.58681  		3.71109  		6.76766  		6.99454  		6.80048  		7.03657  		1.73624  		2.19837  		2.68182  		1.89534  		2.2248   		3.0145   		1.34057  		1.54298  		1.93132  		1.1864   		1.26882  		1.37341  		1.0      
6.4349   		3.23713  		3.19777  		3.23713  		3.29739  		3.33202  		3.3882   		6.25845  		6.34931  		6.29127  		6.39133  		1.73624  		2.19837  		2.68182  		1.89534  		2.2248   		3.0145   		1.21928  		1.27113  		1.65947  		1.16004  		1.13577  		1.16797  		1.0      
6.32743  		3.25197  		3.07547  		3.25197  		3.17489  		3.34669  		3.26554  		6.28976  		6.10625  		6.32251  		6.14821  		1.44825  		1.86304  		2.32885  		1.88395  		1.88908  		2.99491  		1.19637  		1.38913  		1.48632  		1.13968  		1.13328  		1.25498  		1.0      
7.46253  		3.76376  		3.69876  		3.76376  		3.79838  		3.85866  		3.88919  		7.31064  		7.34999  		7.34346  		7.39202  		1.73624  		2.19837  		2.68182  		1.89534  		2.2248   		3.0145   		1.34655  		1.69347  		2.08181  		1.18832  		1.24595  		1.39159  		1.0      
7.46253  		3.76376  		3.69876  		3.76376  		3.79838  		3.85866  		3.88919  		7.31064  		7.34999  		7.34346  		7.39202  		1.73624  		2.19837  		2.68182  		1.89534  		2.2248   		3.0145   		1.34655  		1.69347  		2.08181  		1.18832  		1.24595  		1.39159  		1.0      
6.44423  		3.24668  		3.19754  		3.24668  		3.29716  		3.34158  		3.38797  		6.27754  		6.34885  		6.31035  		6.39088  		1.73624  		2.19837  		2.68182  		1.89534  		2.2248   		3.0145   		1.22882  		1.28052  		1.66885  		1.15995  		1.16326  		1.19538  		1.0      
5.85069  		2.98132  		2.86937  		2.98132  		2.96898  		3.07621  		3.05979  		5.7469   		5.69232  		5.77971  		5.73435  		1.73624  		2.19837  		2.68182  		1.89534  		2.2248   		3.0145   		1.04137  		1.20128  		1.58961  		0.996897 		0.95517  		0.929875 		1.0      
5.95644  		2.7662   		3.19024  		2.7662   		3.28967  		2.86092  		3.38032  		5.3211   		6.3353   		5.35385  		6.37726  		1.33663  		1.5121   		1.97789  		1.88395  		1.53815  		2.99491  		1.19249  		1.39763  		1.48279  		1.04645  		1.09233  		1.14474  		1.0      
3.94288  		2.1561   		1.78678  		2.1561   		1.86678  		2.233    		1.94088  		4.14715  		3.54846  		4.17339  		3.58302  		1.48756  		1.88107  		2.04896  		1.50678  		1.89074  		1.94363  		1.11967  		1.2196   		1.61506  		1.08296  		1.06259  		1.07101  		1.0      
5.85069  		2.98132  		2.86937  		2.98132  		2.96898  		3.07621  		3.05979  		5.7469   		5.69232  		5.77971  		5.73435  		1.73624  		2.19837  		2.68182  		1.89534  		2.2248   		3.0145   		1.04137  		1.20128  		1.58961  		0.996897 		0.95517  		0.929875 		1.0      
5.32164  		2.67881  		2.64283  		2.67881  		2.74225  		2.77353  		2.8329   		5.14424  		5.2414   		5.17699  		5.28335  		1.32351  		1.7383   		2.2041   		1.88395  		1.76434  		2.99491  		1.02436  		1.13693  		1.13978  		0.944045 		0.870921 		0.858105 		1.0      
5.61324  		2.79278  		2.82046  		2.79278  		2.91989  		2.8875   		3.01054  		5.37216  		5.59639  		5.40491  		5.63834  		1.35407  		1.76885  		2.23465  		1.88395  		1.7949   		2.99491  		1.08492  		1.22149  		1.2475   		1.02173  		1.01279  		1.00817  		1.0      
5.81792  		2.67944  		3.13848  		2.67944  		3.23791  		2.77416  		3.32855  		5.14802  		6.23203  		5.18077  		6.27398  		1.32469  		1.50017  		1.96596  		1.88395  		1.52621  		2.99491  		1.19248  		1.39767  		1.42883  		1.04644  		1.09234  		1.1448   		1.0      
5.31534  		2.6727   		2.64264  		2.6727   		2.74206  		2.76742  		2.83271  		5.13205  		5.24102  		5.1648   		5.28297  		1.32351  		1.7383   		2.2041   		1.88395  		1.76434  		2.99491  		1.02433  		1.13691  		1.1366   		0.944044 		0.870965 		0.858188 		1.0      
6.99496  		3.4833   		3.51166  		3.4833   		3.61128  		3.57819  		3.70209  		6.75034  		6.97651  		6.78315  		7.01854  		1.73624  		2.19837  		2.68182  		1.89534  		2.2248   		3.0145   		1.33458  		1.54886  		1.9372   		1.16683  		1.24068  		1.349    		1.0      
6.41374  		3.23517  		3.17857  		3.23517  		3.27818  		3.33007  		3.36899  		6.25434  		6.31058  		6.28716  		6.3526   		1.73624  		2.19837  		2.68182  		1.89534  		2.2248   		3.0145   		1.13884  		1.28523  		1.67357  		1.0636   		1.06509  		1.09238  		1.0      
6.26236  		3.19187  		3.07049  		3.19187  		3.17011  		3.28676  		3.26092  		6.16779  		6.09467  		6.20061  		6.13669  		1.73624  		2.19837  		2.68182  		1.89534  		2.2248   		3.0145   		1.14071  		1.28857  		1.6769   		1.03064  		1.01055  		1.03534  		1.0      
6.11821  		3.01664  		3.10156  		3.01664  		3.20118  		3.11154  		3.29199  		5.81758  		6.15676  		5.85039  		6.19879  		1.73624  		2.19837  		2.68182  		1.89534  		2.2248   		3.0145   		1.13766  		1.23329  		1.62163  		1.0585   		1.0492   		1.07122  		1.0      
5.67809  		2.80463  		2.87346  		2.80463  		2.97289  		2.89935  		3.06353  		5.39793  		5.70524  		5.43068  		5.7472   		1.31653  		1.51521  		1.86905  		1.88395  		1.5387   		2.99491  		1.30598  		1.48934  		1.60959  		1.14934  		1.21309  		1.28692  		1.0      
3.55859  		1.56624  		1.99235  		1.56624  		2.07902  		1.64929  		2.15885  		2.95988  		3.95239  		2.98835  		3.98952  		1.01592  		1.13175  		1.22904  		1.38299  		1.15634  		1.98005  		1.12532  		1.16431  		1.20394  		1.01349  		1.07805  		1.14419  		1.0      
3.07239  		1.31089  		1.7615   		1.31089  		1.84817  		1.39393  		1.92799  		2.45058  		3.49315  		2.47906  		3.53028  		0.988266 		1.02457  		1.03073  		1.34722  		1.04573  		1.8704   		1.10629  		1.12421  		1.15781  		0.929149 		0.984304 		1.0156   		1.0      
4.60215  		2.46182  		2.14033  		2.46182  		2.23976  		2.55653  		2.3304   		4.71247  		4.24265  		4.74522  		4.2846   		1.25007  		1.45749  		1.70358  		1.88395  		1.47735  		2.99491  		1.03828  		1.13557  		1.18336  		1.06023  		1.04508  		1.06537  		1.0      
5.60181  		2.84771  		2.7541   		2.84771  		2.85372  		2.9426   		2.94453  		5.47988  		5.46227  		5.51269  		5.5043   		1.73624  		2.19837  		2.68182  		1.89534  		2.2248   		3.0145   		1.00797  		1.03003  		1.41837  		1.02263  		0.940981 		0.911142 		1.0      
6.47191  		3.2391   		3.23281  		3.2391   		3.33243  		3.334    		3.42324  		6.26165  		6.41839  		6.29446  		6.46042  		1.73624  		2.19837  		2.68182  		1.89534  		2.2248   		3.0145   		1.12578  		1.44295  		1.83129  		1.02017  		0.959239 		0.98694  		1.0      
5.69114  		2.84999  		2.84115  		2.84999  		2.94077  		2.94488  		3.03158  		5.48437  		5.63606  		5.51718  		5.67809  		1.73624  		2.19837  		2.68182  		1.89534  		2.2248   		3.0145   		0.98632  		1.09671  		1.48505  		1.00405  		0.941785 		0.907037 		1.0      
2.85385  		1.72574  		1.12811  		1.72574  		1.12811  		1.72574  		1.12811  		3.4275   		2.23567  		3.4275   		2.23567  		0.819396 		1.01088  		1.03683  		0.601692 		1.01383  		1.19801  		0.520974 		0.638879 		1.04472  		0.585214 		0.610493 		0.655549 		1.0      
6.98873  		3.47274  		3.51599  		3.47274  		3.61561  		3.56763  		3.70642  		6.7288   		6.98459  		6.76161  		7.02661  		1.73624  		2.19837  		2.68182  		1.89534  		2.2248   		3.0145   		1.23428  		1.56909  		1.95743  		1.12104  		1.13308  		1.22848  		1.0      
5.14657  		2.58578  		2.56079  		2.58578  		2.66041  		2.68068  		2.75122  		4.9563   		5.07583  		4.98912  		5.11786  		1.73624  		2.19837  		2.68182  		1.89534  		2.2248   		3.0145   		0.872253 		0.910586 		1.29892  		0.924788 		0.776292 		0.67438  		1.0      
5.14657  		2.58578  		2.56079  		2.58578  		2.66041  		2.68068  		2.75122  		4.9563   		5.07583  		4.98912  		5.11786  		1.73624  		2.19837  		2.68182  		1.89534  		2.2248   		3.0145   		0.872253 		0.910586 		1.29892  		0.924788 		0.776292 		0.67438  		1.0      
5.85494  		2.70226  		3.15268  		2.70226  		3.25211  		2.79698  		3.34276  		5.19353  		6.26044  		5.22628  		6.30239  		1.31847  		1.49394  		1.95973  		1.88395  		1.51999  		2.99491  		1.19248  		1.37948  		1.4334   		1.04644  		1.09231  		1.1447   		1.0      
5.7776   		2.89461  		2.883    		2.89461  		2.98242  		2.98933  		3.07307  		5.57551  		5.72153  		5.60826  		5.76348  		1.35699  		1.77178  		2.23759  		1.88395  		1.79783  		2.99491  		1.08216  		1.21905  		1.27831  		1.05324  		1.03432  		1.06473  		1.0      
5.56699  		2.77977  		2.78722  		2.77977  		2.88665  		2.87449  		2.97729  		5.34603  		5.5299   		5.37878  		5.57185  		1.36184  		1.77664  		2.24245  		1.88395  		1.80268  		2.99491  		1.05442  		1.20626  		1.24528  		0.97884  		0.954006 		0.962327 		1.0      
5.56017  		2.77997  		2.7802   		2.77997  		2.87963  		2.87469  		2.97028  		5.34644  		5.51589  		5.37919  		5.55784  		1.36184  		1.77664  		2.24245  		1.88395  		1.80268  		2.99491  		1.05441  		1.19946  		1.23846  		0.978814 		0.953991 		0.962285 		1.0      
6.08216  		3.06706  		3.0151   		3.06706  		3.11453  		3.16178  		3.20518  		5.92019  		5.98549  		5.95295  		6.02745  		1.37648  		1.79126  		2.25707  		1.88395  		1.81731  		2.99491  		1.1654   		1.35994  		1.43868  		1.11791  		1.16701  		1.20831  		1.0      
5.34467  		2.67885  		2.66582  		2.67885  		2.76525  		2.77357  		2.8559   		5.14432  		5.28737  		5.17707  		5.32933  		1.32351  		1.7383   		2.2041   		1.88395  		1.76434  		2.99491  		1.02436  		1.13693  		1.13978  		0.944058 		0.870918 		0.8667   		1.0      
5.75169  		2.8834   		2.86829  		2.8834   		2.96791  		2.9783   		3.05872  		5.5512   		5.69034  		5.58401  		5.73237  		1.73624  		2.19837  		2.68182  		1.89534  		2.2248   		3.0145   		1.01245  		1.09579  		1.48413  		0.967191 		0.883332 		0.870109 		1.0      
5.82689  		2.90792  		2.91897  		2.90792  		3.01859  		3.00281  		3.1094   		5.60028  		5.79185  		5.6331   		5.83388  		1.73624  		2.19837  		2.68182  		1.89534  		2.2248   		3.0145   		1.07319  		1.11293  		1.50127  		1.05359  		1.01146  		0.995801 		1.0      
6.76026  		3.33481  		3.42546  		3.33481  		3.52508  		3.4297   		3.61589  		6.45295  		6.80353  		6.48577  		6.84555  		1.73624  		2.19837  		2.68182  		1.89534  		2.2248   		3.0145   		1.19111  		1.52585  		1.91419  		1.0599   		1.04645  		1.10456  		1.0      
5.04059  		2.517    		2.52359  		2.517    		2.6232   		2.61189  		2.71401  		4.81893  		5.00151  		4.85175  		5.04354  		1.73624  		2.19837  		2.68182  		1.89534  		2.2248   		3.0145   		0.862152 		0.876951 		1.26529  		0.924722 		0.776295 		0.664293 		1.0      
