origin_200 mse:22.773215904909286 ,acc=1.0
odd_0_200 : mse=4.052094406169203 ,acc=0.99375
even_0_200 : mse=4.035060185280391 ,acc=1.0
odd_1_200 : mse=4.052094406169203 ,acc=0.99375
even_1_200 : mse=4.409728729390747 ,acc=0.99375
odd_3_200 : mse=4.411618349976642 ,acc=0.9875
even_3_200 : mse=4.764642109221924 ,acc=0.99375
k+1_odd_1_200 : mse=21.010918950969348 ,acc=1.0
k+1_even_1_200 : mse=22.35614456194399 ,acc=1.0
k+1_odd_3_200 : mse=21.297463888169425 ,acc=1.0
k+1_even_3_200 : mse=22.72162873469791 ,acc=1.0
OOitr_30_100_3 : mse=0.6223967129132222 ,acc=0.98125
	30 is chosen from 100 trees
OOitr_40_100_3 : mse=1.2490751142847198 ,acc=0.9875
	40 is chosen from 100 trees
OOitr_50_100_3 : mse=2.268089024356784 ,acc=0.99375
	50 is chosen from 100 trees
OOitr_30_66_5 : mse=0.9305656911029574 ,acc=0.98125
	30 is chosen from 66 trees
OOitr_40_100_5 : mse=1.2612670341695285 ,acc=0.98125
	40 is chosen from 100 trees
OOitr_50_66_5 : mse=3.5738772300222466 ,acc=0.98125
	50 is chosen from 66 trees
OOitr_30_140_3 : mse=0.28092740207963124 ,acc=0.96875
	30 is chosen from 140 trees
OOitr_40_140_3 : mse=0.4042804747288474 ,acc=0.98125
	40 is chosen from 140 trees
OOitr_50_140_3 : mse=0.6679849119946206 ,acc=0.98125
	50 is chosen from 140 trees
OOitr_30_200_5 : mse=0.23126731722903976 ,acc=0.975
	30 is chosen from 200 trees
OOitr_40_200_5 : mse=0.25849900541485116 ,acc=0.975
	40 is chosen from 200 trees
OOitr_50_200_5 : mse=0.30380674020670323 ,acc=0.98125
	50 is chosen from 200 trees

origin   		odd_0    		even_0   		odd_1    		even_1   		odd_3    		even_3   		k+1 odd_1		k+1 even_1		k+1 odd_3		k+1 even_3		oo_15    		oo_20    		oo_25    		oo_15    		oo_20    		oo_25    		oo_15_1  		oo_20_2  		oo_25_3  		oo_15_4  		oo_20_5  		oo_25_6  		label
-3.7232  		-1.65695 		-2.06624 		-1.65695 		-2.14124 		-1.72922 		-2.21102 		-3.15992 		-4.10155 		-3.18495 		-4.13441 		-1.06639 		-1.3355  		-1.61435 		-1.14322 		-1.31416 		-1.74091 		-0.96296 		-0.999275		-1.16916 		-0.88767 		-0.924063		-0.983712		0.0      
-4.90103 		-2.45434 		-2.44669 		-2.45434 		-2.53365 		-2.54453 		-2.61324 		-4.71838 		-4.84781 		-4.75468 		-4.88134 		-1.43284 		-1.72215 		-1.97438 		-1.58761 		-1.7199  		-2.50355 		-1.18711 		-1.30073 		-1.48167 		-1.04374 		-1.06547 		-1.10067 		0.0      
-0.974684		-0.0922045		-0.88248 		-0.0922045		-0.826924		-0.0387768		-0.775484		-0.280247		-1.75102 		-0.261644		-1.72687 		0.207423 		-0.0474594		-0.208643		0.203822 		0.0109441		0.046511 		0.218602 		0.220998 		0.109707 		0.246801 		0.227789 		0.16814  		0.0      
-4.81059 		-2.40158 		-2.409   		-2.40158 		-2.49596 		-2.49177 		-2.57556 		-4.61331 		-4.77256 		-4.64961 		-4.80609 		-1.39874 		-1.67552 		-1.91432 		-1.58761 		-1.66067 		-2.53116 		-1.18711 		-1.30073 		-1.48167 		-1.04374 		-1.06547 		-1.09425 		0.0      
-4.81059 		-2.40158 		-2.409   		-2.40158 		-2.49596 		-2.49177 		-2.57556 		-4.61331 		-4.77256 		-4.64961 		-4.80609 		-1.39874 		-1.67552 		-1.91432 		-1.58761 		-1.66067 		-2.53116 		-1.18711 		-1.30073 		-1.48167 		-1.04374 		-1.06547 		-1.09425 		0.0      
-2.30016 		-1.09466 		-1.2055  		-1.09466 		-1.2805  		-1.16693 		-1.35027 		-2.04269 		-2.39287 		-2.06772 		-2.42573 		-0.866495		-0.957579		-1.12977 		-0.78909 		-0.940846		-1.17535 		-0.844868		-0.824412		-0.941737		-0.770603		-0.771851		-0.804135		0.0      
-4.00571 		-2.09913 		-1.90658 		-2.09913 		-1.99481 		-2.18362 		-2.07598 		-4.01598 		-3.78778 		-4.04552 		-3.82578 		-1.15279 		-1.34671 		-1.59394 		-1.24881 		-1.39975 		-1.91186 		-1.04347 		-1.08383 		-1.21306 		-0.961081		-0.962329		-1.03217 		0.0      
-4.87651 		-2.42968 		-2.44682 		-2.42968 		-2.53378 		-2.51987 		-2.61338 		-4.66929 		-4.84785 		-4.70559 		-4.88138 		-1.43284 		-1.72215 		-1.97355 		-1.58761 		-1.7199  		-2.53116 		-1.18711 		-1.30073 		-1.48167 		-1.04374 		-1.06547 		-1.10067 		0.0      
-3.75223 		-1.87237 		-1.87986 		-1.87237 		-1.9756  		-1.95949 		-2.06322 		-3.5533  		-3.73506 		-3.5811  		-3.77818 		-1.23401 		-1.40688 		-1.62261 		-1.41092 		-1.40514 		-1.95121 		-1.05801 		-1.08421 		-1.21935 		-1.03311 		-1.0782  		-1.13403 		0.0      
-5.09703 		-2.5461  		-2.55092 		-2.5461  		-2.64842 		-2.63907 		-2.73745 		-4.88633 		-5.06217 		-4.91903 		-5.10371 		-1.41321 		-1.68121 		-2.04388 		-1.59928 		-1.67707 		-2.60057 		-1.12949 		-1.22328 		-1.37801 		-1.06253 		-1.10664 		-1.14216 		0.0      
-2.7778  		-1.38942 		-1.38838 		-1.38942 		-1.47968 		-1.48088 		-1.55713 		-2.59437 		-2.74733 		-2.63339 		-2.77806 		-1.0846  		-1.19911 		-1.32887 		-1.281   		-1.23127 		-1.89267 		-0.984118		-0.952918		-0.996657		-0.904284		-0.83921 		-0.794539		0.0      
-2.62114 		-1.27407 		-1.34707 		-1.27407 		-1.43838 		-1.36552 		-1.42129 		-2.40133 		-2.67384 		-2.50435 		-2.61003 		-1.01057 		-1.14744 		-1.19722 		-1.1684  		-1.09963 		-1.70525 		-0.913004		-0.881804		-0.935878		-0.798469		-0.737027		-0.69371 		0.0      
-5.22942 		-2.55529 		-2.67413 		-2.55529 		-2.77163 		-2.64826 		-2.86065 		-4.90353 		-5.30624 		-4.93622 		-5.34778 		-1.50674 		-1.8684  		-2.23579 		-1.70514 		-1.87632 		-2.74227 		-1.11548 		-1.20629 		-1.37252 		-1.03405 		-1.03678 		-1.05113 		0.0      
-5.26176 		-2.54174 		-2.72002 		-2.54174 		-2.81752 		-2.63471 		-2.90655 		-4.87722 		-5.39879 		-4.90992 		-5.44032 		-1.49343 		-1.81874 		-2.13841 		-1.67582 		-1.8146  		-2.70773 		-1.19552 		-1.28633 		-1.47517 		-1.07739 		-1.11195 		-1.13181 		0.0      
-4.32915 		-2.18168 		-2.14747 		-2.18168 		-2.23794 		-2.26823 		-2.32102 		-4.17655 		-4.26416 		-4.20685 		-4.30303 		-1.27394 		-1.56346 		-1.71764 		-1.54958 		-1.52571 		-2.14546 		-1.02974 		-1.12586 		-1.31954 		-1.02879 		-1.09419 		-1.16686 		0.0      
-5.4947  		-2.79736 		-2.69734 		-2.79736 		-2.79484 		-2.89032 		-2.88387 		-5.38707 		-5.35363 		-5.41977 		-5.39517 		-1.46484 		-1.82286 		-2.24092 		-1.71858 		-1.83078 		-2.71713 		-1.18767 		-1.27455 		-1.44329 		-1.09558 		-1.13551 		-1.23294 		0.0      
-1.50267 		-0.777834		-0.724833		-0.777834		-0.713722		-0.767155		-0.703457		-1.54126 		-1.42292 		-1.53753 		-1.41811 		-0.682723		-0.903526		-1.05201 		-0.705565		-0.766739		-1.10209 		-0.469605		-0.448735		-0.478374		-0.379237		-0.376964		-0.359627		0.0      
-4.0479  		-1.97869 		-2.06921 		-1.97869 		-2.16012 		-2.06543 		-2.2432  		-3.76757 		-4.10344 		-3.79807 		-4.1422  		-1.23229 		-1.38103 		-1.65283 		-1.51861 		-1.36713 		-2.43796 		-0.87601 		-1.03464 		-1.15892 		-0.884051		-0.907215		-0.854099		0.0      
-3.44027 		-1.71454 		-1.72573 		-1.71454 		-1.81664 		-1.80129 		-1.89972 		-3.24562 		-3.42491 		-3.27613 		-3.46367 		-1.18018 		-1.2713  		-1.42375 		-1.38642 		-1.22945 		-2.00047 		-1.03026 		-1.16798 		-1.2951  		-0.960228		-0.994513		-1.06535 		0.0      
-0.597955		-0.34386 		-0.254095		-0.34386 		-0.182666		-0.274919		-0.116009		-0.798695		-0.499444		-0.77488 		-0.468005		-0.239168		-0.44002 		-0.577142		-0.216275		-0.401786		-0.421976		0.237193 		0.203269 		0.17846  		0.106393 		0.137487 		0.166344 		0.0      
-2.28198 		-1.20996 		-1.07202 		-1.20996 		-1.16777 		-1.29708 		-1.25539 		-2.2394  		-2.12991 		-2.26721 		-2.17303 		-0.809461		-0.910679		-1.09689 		-0.923142		-0.949822		-1.25714 		-0.783101		-0.781575		-0.863499		-0.799917		-0.827518		-0.848856		0.0      
-4.27166 		-2.07725 		-2.19441 		-2.07725 		-2.29191 		-2.17022 		-2.38094 		-3.95195 		-4.35134 		-3.98465 		-4.39287 		-1.27998 		-1.38853 		-1.70085 		-1.47566 		-1.38439 		-2.44907 		-1.0578  		-1.23945 		-1.36107 		-0.996298		-0.984225		-1.02212 		0.0      
-2.94352 		-1.56582 		-1.3777  		-1.56582 		-1.47344 		-1.65293 		-1.56107 		-2.94916 		-2.74028 		-2.97696 		-2.7834  		-0.816448		-0.944623		-1.17138 		-0.968773		-0.990918		-1.32587 		-0.813621		-0.88811 		-0.991632		-0.835318		-0.935107		-1.01427 		0.0      
-4.45705 		-2.14901 		-2.30804 		-2.14901 		-2.40554 		-2.24198 		-2.49456 		-4.09313 		-4.57707 		-4.12583 		-4.61861 		-1.35132 		-1.5774  		-1.9625  		-1.61164 		-1.58532 		-2.61885 		-0.985139		-1.15624 		-1.27555 		-0.953765		-0.927444		-0.930915		0.0      
-1.67289 		-0.840038		-0.832848		-0.840038		-0.761419		-0.771097		-0.694762		-1.7884  		-1.65461 		-1.76458 		-1.62317 		-0.269862		-0.561052		-0.759186		-0.388754		-0.522818		-0.576586		0.075326 		-0.0118902		-0.105611		-0.00824106		-0.0418545		-0.0601296		0.0      
-2.17763 		-1.11832 		-1.05931 		-1.11832 		-1.14393 		-1.16591 		-1.18962 		-2.09886 		-2.13383 		-2.11552 		-2.15521 		-0.811547		-0.780133		-0.874767		-0.843198		-0.72393 		-1.03871 		-0.567063		-0.678216		-0.734192		-0.619017		-0.660149		-0.688763		0.0      
-4.77133 		-2.32121 		-2.45012 		-2.32121 		-2.54762 		-2.41418 		-2.63664 		-4.43932 		-4.86232 		-4.47202 		-4.90386 		-1.31189 		-1.45118 		-1.76351 		-1.47566 		-1.44704 		-2.44907 		-1.11026 		-1.31724 		-1.45186 		-1.08017 		-1.10245 		-1.18762 		0.0      
-2.1793  		-1.11832 		-1.06098 		-1.11832 		-1.14559 		-1.16591 		-1.19129 		-2.09886 		-2.13717 		-2.11552 		-2.15854 		-0.812244		-0.780829		-0.875464		-0.843198		-0.724627		-1.03871 		-0.567063		-0.678217		-0.734193		-0.619017		-0.660148		-0.688762		0.0      
-3.0113  		-1.46619 		-1.5451  		-1.46619 		-1.63677 		-1.55383 		-1.72086 		-2.75209 		-3.06329 		-2.7828  		-3.10261 		-1.05661 		-1.11009 		-1.1881  		-1.20159 		-1.13423 		-1.79733 		-0.908799		-1.02292 		-0.992989		-0.938506		-1.0076  		-1.01923 		0.0      
-3.0113  		-1.46619 		-1.5451  		-1.46619 		-1.63677 		-1.55383 		-1.72086 		-2.75209 		-3.06329 		-2.7828  		-3.10261 		-1.05661 		-1.11009 		-1.1881  		-1.20159 		-1.13423 		-1.79733 		-0.908799		-1.02292 		-0.992989		-0.938506		-1.0076  		-1.01923 		0.0      
-3.15953 		-1.66648 		-1.49306 		-1.66648 		-1.57487 		-1.7447  		-1.64987 		-3.16343 		-2.95741 		-3.19088 		-2.99245 		-1.21875 		-1.50981 		-1.78721 		-1.32224 		-1.4764  		-1.89753 		-0.920347		-0.917551		-0.956408		-0.841527		-0.819034		-0.838151		0.0      
-4.64282 		-2.27737 		-2.36545 		-2.27737 		-2.45636 		-2.36411 		-2.53944 		-4.36362 		-4.69488 		-4.39412 		-4.73364 		-1.39013 		-1.69447 		-2.01243 		-1.58997 		-1.68057 		-2.39964 		-1.06002 		-1.21865 		-1.37534 		-1.01119 		-1.06057 		-1.09263 		0.0      
-3.88878 		-1.95579 		-1.93299 		-1.95579 		-2.0148  		-2.03401 		-2.0898  		-3.73979 		-3.83394 		-3.76724 		-3.86898 		-1.26876 		-1.61914 		-2.00152 		-1.42332 		-1.59573 		-2.017   		-0.95229 		-1.00158 		-1.06277 		-0.901912		-0.92514 		-0.975192		0.0      
-3.59656 		-1.93006 		-1.6665  		-1.93006 		-1.74832 		-2.00828 		-1.82331 		-3.69476 		-3.3084  		-3.72221 		-3.34344 		-1.00997 		-1.21491 		-1.47906 		-1.11839 		-1.27382 		-1.6565  		-0.86074 		-0.93785 		-0.991147		-0.851916		-0.968284		-1.07032 		0.0      
-3.66993 		-1.79988 		-1.87005 		-1.79988 		-1.96096 		-1.88662 		-2.04404 		-3.41562 		-3.71218 		-3.44612 		-3.75094 		-1.20348 		-1.33001 		-1.51797 		-1.45778 		-1.28816 		-2.07183 		-1.06372 		-1.20143 		-1.32856 		-0.960228		-0.994513		-1.07686 		0.0      
-4.5474  		-2.28633 		-2.26107 		-2.28633 		-2.35198 		-2.37307 		-2.43505 		-4.38179 		-4.48651 		-4.41229 		-4.52527 		-1.33763 		-1.61488 		-1.97647 		-1.58997 		-1.61358 		-2.40526 		-1.08279 		-1.25558 		-1.38341 		-0.982492		-1.04744 		-1.08845 		0.0      
-1.50021 		-0.740614		-0.759595		-0.740614		-0.688167		-0.671673		-0.621509		-1.59097 		-1.50998 		-1.56716 		-1.47854 		-0.239167		-0.44002 		-0.577142		-0.257943		-0.401786		-0.463645		0.00728171		-0.0266425		-0.121988		-0.0253379		-0.0558022		-0.0843035		0.0      
-6.22658 		-3.06994 		-3.15663 		-3.06994 		-3.24794 		-3.1614  		-3.3272  		-5.94559 		-6.26929 		-5.98338 		-6.30184 		-1.45887 		-1.7366  		-2.09666 		-1.65111 		-1.72633 		-2.50026 		-1.34661 		-1.58094 		-1.82128 		-1.21461 		-1.37596 		-1.56215 		0.0      
-5.47922 		-2.66545 		-2.81376 		-2.66545 		-2.91126 		-2.75842 		-3.00029 		-5.12526 		-5.58861 		-5.15796 		-5.63014 		-1.4583  		-1.72598 		-2.08303 		-1.58777 		-1.7339  		-2.5564  		-1.31883 		-1.4727  		-1.7019  		-1.1594  		-1.19183 		-1.30774 		0.0      
6.5661   		3.40934  		3.15676  		3.40934  		3.25637  		3.50423  		3.34718  		6.60155  		6.2669   		6.63497  		6.30923  		1.73612  		2.21183  		2.71457  		1.87066  		2.22522  		2.9838   		1.19229  		1.38182  		1.76473  		1.02818  		1.06825  		1.1684   		1.0      
5.37578  		2.68088  		2.6949   		2.68088  		2.78062  		2.76305  		2.85963  		5.17748  		5.35319  		5.20616  		5.39022  		1.37077  		1.71995  		2.08307  		1.44732  		1.72703  		2.32322  		1.12     		1.23605  		1.44445  		1.06161  		1.12227  		1.21416  		1.0      
3.66776  		1.87767  		1.79009  		1.87767  		1.87581  		1.95984  		1.95482  		3.58205  		3.55505  		3.61073  		3.59208  		1.15978  		1.43616  		1.73733  		1.11872  		1.50111  		1.57043  		0.91733  		0.950215 		1.04683  		0.900984 		0.961606 		1.03108  		1.0      
6.13189  		3.11593  		3.01596  		3.11593  		3.10907  		3.20488  		3.19437  		6.03251  		5.99236  		6.06371  		6.03223  		1.45934  		1.80575  		2.20829  		1.58436  		1.82028  		2.51349  		1.2621   		1.44436  		1.67727  		1.1484   		1.2467   		1.39336  		1.0      
7.33901  		3.71826  		3.62074  		3.71826  		3.72036  		3.81315  		3.81116  		7.21907  		7.19443  		7.25249  		7.23677  		1.73612  		2.21183  		2.71457  		1.87066  		2.22522  		2.9838   		1.31765  		1.5557   		1.93861  		1.24987  		1.36554  		1.53303  		1.0      
7.33901  		3.71826  		3.62074  		3.71826  		3.72036  		3.81315  		3.81116  		7.21907  		7.19443  		7.25249  		7.23677  		1.73612  		2.21183  		2.71457  		1.87066  		2.22522  		2.9838   		1.31765  		1.5557   		1.93861  		1.24987  		1.36554  		1.53303  		1.0      
6.45447  		3.309    		3.14548  		3.309    		3.24509  		3.40389  		3.3359   		6.40095  		6.24436  		6.43436  		6.28669  		1.73612  		2.21183  		2.71457  		1.87066  		2.22522  		2.9838   		1.19601  		1.35091  		1.73382  		1.11127  		1.13415  		1.18674  		1.0      
4.34644  		2.26298  		2.08346  		2.26298  		2.17546  		2.35092  		2.25983  		4.33231  		4.1317   		4.36314  		4.17115  		1.24671  		1.55749  		1.90043  		1.50578  		1.56995  		2.37297  		0.997655 		1.00513  		1.05008  		0.980203 		1.00876  		1.00003  		1.0      
6.11546  		3.01639  		3.09907  		3.01639  		3.1985   		3.11112  		3.28915  		5.8194   		6.15395  		5.85275  		6.19621  		1.54568  		1.97856  		2.45172  		1.85962  		1.98544  		2.96417  		1.14755  		1.20429  		1.34938  		1.20355  		1.3061   		1.40447  		1.0      
6.51541  		3.32489  		3.19052  		3.32489  		3.29014  		3.41978  		3.38094  		6.43276  		6.33449  		6.46617  		6.37682  		1.73612  		2.21183  		2.71457  		1.87066  		2.22522  		2.9838   		1.15216  		1.34755  		1.73046  		1.06763  		1.11331  		1.16808  		1.0      
6.48848  		3.28294  		3.20554  		3.28294  		3.30497  		3.37766  		3.39562  		6.35163  		6.36678  		6.38498  		6.40904  		1.52602  		1.9589   		2.43207  		1.85962  		1.96578  		2.96417  		1.25754  		1.3917   		1.55124  		1.24176  		1.35724  		1.48646  		1.0      
5.77753  		2.94971  		2.82782  		2.94971  		2.92092  		3.03866  		3.00623  		5.70135  		5.61708  		5.73255  		5.65695  		1.42345  		1.74531  		2.14784  		1.5048   		1.75984  		2.43393  		1.1856   		1.31973  		1.47929  		1.17235  		1.2877   		1.41703  		1.0      
3.70933  		1.96782  		1.74151  		1.96782  		1.82722  		2.04999  		1.90623  		3.7636   		3.45924  		3.79228  		3.49627  		1.13877  		1.34629  		1.57837  		1.07132  		1.43385  		1.40275  		0.883118 		0.977448 		1.09632  		0.873716 		0.919241 		0.958526 		1.0      
5.7368   		2.94654  		2.79026  		2.94654  		2.88336  		3.03549  		2.96867  		5.69476  		5.54168  		5.72596  		5.58155  		1.4238   		1.77022  		2.17277  		1.55591  		1.78475  		2.48504  		1.15955  		1.2825   		1.4383   		1.1208   		1.2191   		1.34848  		1.0      
3.65859  		1.88296  		1.77563  		1.88296  		1.86134  		1.96513  		1.94035  		3.59474  		3.52634  		3.62342  		3.56337  		1.05153  		1.28982  		1.54828  		1.04012  		1.35864  		1.48391  		0.879341 		0.936035 		1.04034  		0.849738 		0.878307 		0.922487 		1.0      
8.06847  		4.00434  		4.06413  		4.00434  		4.16356  		4.09907  		4.25421  		7.79103  		8.0806   		7.82438  		8.12286  		1.79654  		2.27187  		2.75987  		1.85962  		2.28255  		2.96417  		1.54492  		1.90943  		2.34508  		1.41762  		1.58814  		1.75825  		1.0      
7.14571  		3.54404  		3.60167  		3.54404  		3.7011   		3.63876  		3.79175  		6.87305  		7.15795  		6.9064   		7.20021  		1.48508  		1.88082  		2.36882  		1.85962  		1.89151  		2.96417  		1.37732  		1.63269  		1.88069  		1.21917  		1.34957  		1.51989  		1.0      
4.64626  		2.41724  		2.22903  		2.41724  		2.32069  		2.50487  		2.40478  		4.64308  		4.42557  		4.67379  		4.46489  		1.40111  		1.60406  		1.85225  		1.32348  		1.62051  		2.17171  		1.28824  		1.45908  		1.62813  		1.12284  		1.18826  		1.32266  		1.0      
7.30549  		3.61482  		3.69067  		3.61482  		3.7901   		3.70955  		3.88075  		7.01346  		7.3347   		7.04681  		7.37696  		1.68474  		2.1365   		2.6245   		1.85962  		2.14718  		2.96417  		1.34985  		1.64489  		1.98336  		1.18831  		1.30675  		1.41027  		1.0      
4.46894  		2.34961  		2.11933  		2.34961  		2.211    		2.43725  		2.29508  		4.50787  		4.20624  		4.53858  		4.24555  		1.40111  		1.60406  		1.85225  		1.32348  		1.62051  		2.17171  		1.1924   		1.36323  		1.53228  		1.04169  		1.08074  		1.15871  		1.0      
7.59051  		3.79794  		3.79257  		3.79794  		3.89218  		3.89283  		3.98299  		7.37813  		7.53764  		7.41155  		7.57997  		1.73612  		2.21183  		2.71457  		1.87066  		2.22522  		2.9838   		1.38979  		1.71476  		2.09767  		1.19544  		1.31374  		1.4191   		1.0      
6.86179  		3.53306  		3.32873  		3.53306  		3.42835  		3.62795  		3.51915  		6.84885  		6.61085  		6.88226  		6.65319  		1.73612  		2.21183  		2.71457  		1.87066  		2.22522  		2.9838   		1.26854  		1.53182  		1.91474  		1.09394  		1.15901  		1.23035  		1.0      
5.64719  		2.84978  		2.79742  		2.84978  		2.89052  		2.93873  		2.97583  		5.50368  		5.55827  		5.53488  		5.59814  		1.36629  		1.6323   		1.96461  		1.53845  		1.6506   		2.3559   		1.26795  		1.44577  		1.64186  		1.16544  		1.29604  		1.46624  		1.0      
6.07638  		3.12019  		2.95619  		3.12019  		3.05581  		3.21508  		3.14661  		6.02359  		5.86612  		6.057    		5.90845  		1.73612  		2.21183  		2.71457  		1.87066  		2.22522  		2.9838   		1.2361   		1.3519   		1.73482  		1.05613  		1.04165  		1.09429  		1.0      
6.81118  		3.46235  		3.34883  		3.46235  		3.44844  		3.55724  		3.53925  		6.70744  		6.65077  		6.74086  		6.6931   		1.73612  		2.21183  		2.71457  		1.87066  		2.22522  		2.9838   		1.29039  		1.54009  		1.923    		1.18464  		1.2417   		1.35695  		1.0      
6.14621  		2.98938  		3.15683  		2.98938  		3.25626  		3.0841   		3.34691  		5.7666   		6.26956  		5.79996  		6.31182  		1.36163  		1.71997  		2.12833  		1.85962  		1.69264  		2.96417  		1.27367  		1.43606  		1.61438  		1.20246  		1.30121  		1.39866  		1.0      
5.45565  		2.67103  		2.78462  		2.67103  		2.88405  		2.76575  		2.9747   		5.13058  		5.52616  		5.16393  		5.56843  		1.27279  		1.59324  		1.9798   		1.85962  		1.5441   		2.96417  		1.02228  		1.15197  		1.29933  		1.05707  		1.10175  		1.10295  		1.0      
3.6061   		1.90611  		1.69999  		1.90611  		1.7931   		1.99506  		1.8784   		3.62261  		3.37007  		3.65381  		3.40994  		1.17122  		1.30195  		1.4989   		1.30802  		1.29163  		2.0898   		1.03009  		1.07697  		1.08566  		1.04811  		1.10862  		1.182    		1.0      
5.71765  		2.89451  		2.82314  		2.89451  		2.92257  		2.98923  		3.01322  		5.57736  		5.60394  		5.61071  		5.64621  		1.18821  		1.44698  		1.87764  		1.85962  		1.42906  		2.96417  		1.16646  		1.28404  		1.35578  		1.06874  		1.15008  		1.21751  		1.0      
6.17209  		2.99295  		3.17914  		2.99295  		3.27857  		3.08767  		3.36922  		5.77342  		6.31373  		5.80677  		6.35599  		1.41875  		1.7941   		2.20246  		1.85962  		1.76676  		2.96417  		1.27364  		1.43609  		1.61442  		1.14878  		1.25992  		1.34795  		1.0      
6.95831  		3.50405  		3.45426  		3.50405  		3.55387  		3.59894  		3.64468  		6.79073  		6.86132  		6.82415  		6.90365  		1.73612  		2.21183  		2.71457  		1.87066  		2.22522  		2.9838   		1.18656  		1.45508  		1.838    		1.11842  		1.20844  		1.27947  		1.0      
5.93598  		3.02916  		2.90683  		3.02916  		3.00644  		3.12405  		3.09725  		5.8416   		5.7673   		5.87502  		5.80963  		1.73612  		2.21183  		2.71457  		1.87066  		2.22522  		2.9838   		1.04716  		1.14096  		1.52387  		1.02848  		1.00946  		1.0338   		1.0      
5.93598  		3.02916  		2.90683  		3.02916  		3.00644  		3.12405  		3.09725  		5.8416   		5.7673   		5.87502  		5.80963  		1.73612  		2.21183  		2.71457  		1.87066  		2.22522  		2.9838   		1.04716  		1.14096  		1.52387  		1.02848  		1.00946  		1.0338   		1.0      
6.86499  		3.47617  		3.38882  		3.47617  		3.48844  		3.57106  		3.57924  		6.73509  		6.73071  		6.76851  		6.77305  		1.73612  		2.21183  		2.71457  		1.87066  		2.22522  		2.9838   		1.19611  		1.42896  		1.81187  		1.09356  		1.2206   		1.30258  		1.0      
6.81651  		3.4763   		3.3402   		3.4763   		3.43982  		3.5712   		3.53062  		6.73535  		6.6336   		6.76876  		6.67593  		1.73612  		2.21183  		2.71457  		1.87066  		2.22522  		2.9838   		1.19611  		1.42896  		1.81187  		1.11409  		1.20426  		1.29478  		1.0      
6.34115  		3.28112  		3.06003  		3.28112  		3.15965  		3.37601  		3.25045  		6.34519  		6.07355  		6.37861  		6.11589  		1.73612  		2.21183  		2.71457  		1.87066  		2.22522  		2.9838   		1.16173  		1.33108  		1.71399  		1.03744  		1.04752  		1.09419  		1.0      
6.00103  		3.06756  		2.93347  		3.06756  		3.02438  		3.15451  		3.10782  		5.93911  		5.8274   		5.96956  		5.86643  		1.5599   		1.90238  		2.2166   		1.61559  		1.89559  		2.55025  		1.27739  		1.39985  		1.64909  		1.23398  		1.34942  		1.4839   		1.0      
4.30911  		2.12343  		2.18568  		2.12343  		2.27659  		2.21037  		2.36003  		4.05928  		4.33654  		4.08973  		4.37557  		1.30777  		1.55726  		1.80622  		1.36041  		1.55046  		2.07702  		1.05947  		1.10559  		1.21705  		1.00314  		1.01448  		1.08631  		1.0      
6.70853  		3.39336  		3.31516  		3.39336  		3.41459  		3.48808  		3.50524  		6.57166  		6.58509  		6.60502  		6.62736  		1.59486  		2.04259  		2.5272   		1.85962  		2.05357  		2.96417  		1.23877  		1.43485  		1.63062  		1.15106  		1.26335  		1.43109  		1.0      
6.64337  		3.27716  		3.36621  		3.27716  		3.46564  		3.37188  		3.55629  		6.33908  		6.6867   		6.37243  		6.72896  		1.68328  		2.13101  		2.61561  		1.85962  		2.14199  		2.96417  		1.18837  		1.34806  		1.55016  		1.18121  		1.2763   		1.40668  		1.0      
4.25753  		2.10935  		2.14819  		2.10935  		2.2391   		2.19629  		2.32254  		4.03154  		4.26252  		4.06199  		4.30155  		1.22364  		1.47312  		1.62951  		1.36041  		1.42085  		2.07702  		1.05038  		1.09651  		1.20796  		1.05191  		1.06819  		1.1681   		1.0      
4.15966  		2.11837  		2.04129  		2.11837  		2.1322   		2.20531  		2.21564  		4.0495   		4.04868  		4.07995  		4.08771  		1.22571  		1.47519  		1.65804  		1.3604   		1.43552  		2.08263  		1.09168  		1.13099  		1.22007  		1.02262  		1.0543   		1.12475  		1.0      
6.90617  		3.49012  		3.41605  		3.49012  		3.51566  		3.58501  		3.60647  		6.76289  		6.78504  		6.79631  		6.82737  		1.73612  		2.21183  		2.71457  		1.87066  		2.22522  		2.9838   		1.20699  		1.47939  		1.8623   		1.1258   		1.18272  		1.27702  		1.0      
4.27391  		2.18362  		2.09029  		2.18362  		2.18384  		2.27298  		2.26952  		4.17376  		4.14702  		4.20511  		4.18706  		1.20412  		1.41278  		1.62111  		1.56667  		1.41566  		2.31181  		1.02635  		1.13888  		1.23601  		1.02835  		1.08542  		1.15227  		1.0      
3.74806  		1.90666  		1.84139  		1.90666  		1.93494  		1.99602  		2.02063  		3.62221  		3.65115  		3.65357  		3.69119  		1.15059  		1.31244  		1.53518  		1.46148  		1.31533  		2.11073  		1.02883  		1.10483  		1.15268  		1.0003   		1.0478   		1.11467  		1.0      
6.88692  		3.4621   		3.42481  		3.4621   		3.52443  		3.55699  		3.61524  		6.70688  		6.80258  		6.74029  		6.84491  		1.73612  		2.21183  		2.71457  		1.87066  		2.22522  		2.9838   		1.23082  		1.48807  		1.87098  		1.14006  		1.18825  		1.28275  		1.0      
5.93207  		3.01215  		2.91992  		3.01215  		3.01953  		3.10704  		3.11034  		5.80756  		5.79344  		5.84098  		5.83578  		1.73612  		2.21183  		2.71457  		1.87066  		2.22522  		2.9838   		1.06258  		1.19629  		1.57921  		1.01073  		0.982194 		0.95702  		1.0      
5.99671  		3.10274  		2.89397  		3.10274  		2.99359  		3.19763  		3.08439  		5.98867  		5.7417   		6.02208  		5.78404  		1.73612  		2.21183  		2.71457  		1.87066  		2.22522  		2.9838   		1.05039  		1.23641  		1.61932  		0.969738 		0.952247 		0.945778 		1.0      
6.67086  		3.30868  		3.36218  		3.30868  		3.4618   		3.40357  		3.5526   		6.40007  		6.67726  		6.43349  		6.71959  		1.73612  		2.21183  		2.71457  		1.87066  		2.22522  		2.9838   		1.19194  		1.43379  		1.8167   		1.0702   		1.10616  		1.13375  		1.0      
5.6727   		2.81119  		2.86151  		2.81119  		2.96094  		2.90591  		3.05159  		5.40956  		5.67923  		5.44292  		5.7215   		1.32514  		1.70335  		2.19141  		1.85962  		1.71434  		2.96417  		1.07669  		1.18459  		1.2385   		1.0175   		1.05604  		1.14573  		1.0      
6.22654  		3.09311  		3.13343  		3.09311  		3.23286  		3.18783  		3.32351  		5.97178  		6.22138  		6.00513  		6.26364  		1.54674  		1.98576  		2.47381  		1.85962  		1.99674  		2.96417  		1.08721  		1.27156  		1.46681  		1.04278  		1.12573  		1.17581  		1.0      
6.86202  		3.51553  		3.34649  		3.51553  		3.44611  		3.61042  		3.53691  		6.81374  		6.64609  		6.84716  		6.68842  		1.73612  		2.21183  		2.71457  		1.87066  		2.22522  		2.9838   		1.19025  		1.45355  		1.83646  		1.16212  		1.24574  		1.36437  		1.0      
5.96988  		3.03177  		2.93811  		3.03177  		3.03772  		3.12666  		3.12853  		5.84679  		5.82976  		5.8802   		5.8721   		1.73612  		2.21183  		2.71457  		1.87066  		2.22522  		2.9838   		1.0691   		1.17752  		1.56043  		1.01923  		1.00522  		1.00045  		1.0      
7.35177  		3.70237  		3.6494   		3.70237  		3.74901  		3.79726  		3.83982  		7.18714  		7.25146  		7.22056  		7.29379  		1.73612  		2.21183  		2.71457  		1.87066  		2.22522  		2.9838   		1.28991  		1.59741  		1.98032  		1.2106   		1.33978  		1.4901   		1.0      
6.67473  		3.30017  		3.37457  		3.30017  		3.47399  		3.39489  		3.56464  		6.38561  		6.70354  		6.41897  		6.7458   		1.52624  		1.96527  		2.45331  		1.85962  		1.97624  		2.96417  		1.22591  		1.41034  		1.60223  		1.19885  		1.32798  		1.47336  		1.0      
6.3893   		3.17118  		3.21812  		3.17118  		3.31754  		3.2659   		3.4082   		6.12773  		6.39089  		6.16108  		6.43315  		1.52624  		1.96527  		2.45331  		1.85962  		1.97624  		2.96417  		1.14114  		1.29492  		1.4533   		1.12755  		1.23059  		1.3195   		1.0      
6.98847  		3.50969  		3.47878  		3.50969  		3.57839  		3.60458  		3.6692   		6.80186  		6.91029  		6.83527  		6.95262  		1.73612  		2.21183  		2.71457  		1.87066  		2.22522  		2.9838   		1.14855  		1.44085  		1.82376  		1.11187  		1.18855  		1.2626   		1.0      
6.08117  		3.09989  		2.98128  		3.09989  		3.08089  		3.19478  		3.1717   		5.98297  		5.9161   		6.01638  		5.95844  		1.73612  		2.21183  		2.71457  		1.87066  		2.22522  		2.9838   		1.09116  		1.18346  		1.56637  		1.06423  		1.06157  		1.11516  		1.0      
6.24796  		3.05968  		3.18829  		3.05968  		3.28772  		3.1544   		3.37837  		5.90497  		6.33112  		5.93833  		6.37339  		1.52624  		1.96527  		2.45331  		1.85962  		1.97624  		2.96417  		1.08451  		1.25376  		1.42993  		1.09989  		1.1764   		1.24568  		1.0      
5.88957  		2.99077  		2.8988   		2.99077  		2.99841  		3.08566  		3.08922  		5.76483  		5.75136  		5.79824  		5.79369  		1.73612  		2.21183  		2.71457  		1.87066  		2.22522  		2.9838   		1.01247  		1.16665  		1.54956  		1.00078  		1.0037   		1.02414  		1.0      
7.06975  		3.53404  		3.5357   		3.53404  		3.63532  		3.62894  		3.72612  		6.85067  		7.02419  		6.88409  		7.06652  		1.73612  		2.21183  		2.71457  		1.87066  		2.22522  		2.9838   		1.26028  		1.56785  		1.95076  		1.11684  		1.2154   		1.30745  		1.0      
6.02436  		2.97514  		3.04921  		2.97514  		3.14276  		3.0645   		3.22844  		5.75212  		6.05853  		5.78347  		6.09856  		1.58227  		1.94719  		2.27995  		1.6234   		1.95016  		2.53587  		1.30018  		1.55966  		1.89465  		1.2797   		1.40785  		1.51206  		1.0      
7.20845  		3.60646  		3.60199  		3.60646  		3.7016   		3.70136  		3.79241  		6.99545  		7.1567   		7.02886  		7.19903  		1.73612  		2.21183  		2.71457  		1.87066  		2.22522  		2.9838   		1.26028  		1.56785  		1.95076  		1.18399  		1.28732  		1.41254  		1.0      
6.03704  		2.9796   		3.05743  		2.9796   		3.15686  		3.07433  		3.24751  		5.74637  		6.07101  		5.77972  		6.11327  		1.29326  		1.64073  		2.12878  		1.85962  		1.65171  		2.96417  		1.16304  		1.33344  		1.41983  		1.063    		1.14157  		1.25391  		1.0      
5.94413  		2.99217  		2.95196  		2.99217  		3.05158  		3.08706  		3.14238  		5.76764  		5.85753  		5.80106  		5.89987  		1.73612  		2.21183  		2.71457  		1.87066  		2.22522  		2.9838   		1.0818   		1.17156  		1.55447  		1.05014  		1.02145  		1.05032  		1.0      
5.90638  		3.0246   		2.88178  		3.0246   		2.9814   		3.11949  		3.0722   		5.83239  		5.7173   		5.86581  		5.75963  		1.73612  		2.21183  		2.71457  		1.87066  		2.22522  		2.9838   		0.973918 		1.19488  		1.57779  		0.974442 		0.951467 		0.947196 		1.0      
5.95653  		2.84924  		3.1073   		2.84924  		3.20672  		2.94396  		3.29737  		5.48452  		6.1694   		5.51788  		6.21166  		1.52624  		1.96527  		2.45331  		1.85962  		1.97624  		2.96417  		1.05551  		1.19119  		1.32918  		1.08588  		1.13647  		1.18098  		1.0      
5.9764   		2.94993  		3.02646  		2.94993  		3.12589  		3.04466  		3.21654  		5.68706  		6.00916  		5.72042  		6.05142  		1.29326  		1.64073  		2.12878  		1.85962  		1.65171  		2.96417  		1.16306  		1.31829  		1.38891  		1.05393  		1.12352  		1.23582  		1.0      
6.91968  		3.45251  		3.46717  		3.45251  		3.56679  		3.5474   		3.65759  		6.68789  		6.88748  		6.72131  		6.92981  		1.73612  		2.21183  		2.71457  		1.87066  		2.22522  		2.9838   		1.3385   		1.52689  		1.9098   		1.15506  		1.17555  		1.28646  		1.0      
7.1439   		3.44345  		3.70044  		3.44345  		3.80006  		3.53834  		3.89086  		6.66976  		7.35365  		6.70318  		7.39598  		1.73612  		2.21183  		2.71457  		1.87066  		2.22522  		2.9838   		1.45494  		1.77829  		2.16121  		1.21058  		1.27532  		1.37544  		1.0      
6.02173  		2.8834   		3.13834  		2.8834   		3.23776  		2.97812  		3.32841  		5.55392  		6.23374  		5.58727  		6.276    		1.56333  		1.90705  		2.31729  		1.85962  		1.91804  		2.96417  		1.39568  		1.61107  		1.77879  		1.19163  		1.25653  		1.33589  		1.0      
5.53675  		2.75296  		2.7838   		2.75296  		2.87203  		2.83745  		2.9532   		5.31805  		5.53131  		5.34759  		5.56932  		1.40503  		1.68613  		1.97826  		1.51297  		1.6673   		2.31221  		1.30132  		1.461    		1.73975  		1.23415  		1.34388  		1.46137  		1.0      
5.3157   		2.59233  		2.72338  		2.59233  		2.82281  		2.68705  		2.91346  		4.97367  		5.40643  		5.00702  		5.4487   		1.43609  		1.64904  		2.00103  		1.85962  		1.66003  		2.96417  		1.22338  		1.41359  		1.50247  		1.11114  		1.14971  		1.18347  		1.0      
6.59305  		3.35395  		3.2391   		3.35395  		3.33871  		3.44884  		3.42952  		6.49079  		6.43167  		6.52421  		6.474    		1.73612  		2.21183  		2.71457  		1.87066  		2.22522  		2.9838   		1.33619  		1.45784  		1.84075  		1.14074  		1.17156  		1.26432  		1.0      
6.05174  		3.01683  		3.0349   		3.01683  		3.10633  		3.08577  		3.17781  		5.86673  		6.02718  		5.88729  		6.06343  		1.56295  		1.93596  		2.26286  		1.5403   		1.90133  		2.33872  		1.26404  		1.48255  		1.80923  		1.19937  		1.31788  		1.44104  		1.0      
6.95305  		3.42791  		3.52514  		3.42791  		3.62475  		3.5228   		3.71556  		6.63868  		7.00334  		6.67209  		7.04567  		1.73612  		2.21183  		2.71457  		1.87066  		2.22522  		2.9838   		1.39064  		1.57894  		1.96186  		1.23261  		1.29439  		1.40266  		1.0      
6.44498  		3.07272  		3.37226  		3.07272  		3.47169  		3.16744  		3.56234  		5.93209  		6.69977  		5.96544  		6.74203  		1.43345  		1.75301  		2.24107  		1.85962  		1.764    		2.96417  		1.23064  		1.43884  		1.52891  		1.10465  		1.21095  		1.30177  		1.0      
2.99565  		1.44824  		1.54741  		1.44824  		1.61884  		1.51719  		1.69031  		2.75171  		3.07157  		2.77227  		3.10783  		0.994048 		1.14001  		1.358    		1.09323  		1.16887  		1.51141  		0.896113 		0.886664 		0.92959  		0.836662 		0.820455 		0.914552 		1.0      
6.11568  		3.06802  		3.04766  		3.06802  		3.14727  		3.16291  		3.23808  		5.91932  		6.04902  		5.95274  		6.09135  		1.73612  		2.21183  		2.71457  		1.87066  		2.22522  		2.9838   		1.18064  		1.30799  		1.6909   		1.01794  		0.99033  		0.991835 		1.0      
6.56047  		3.17694  		3.38353  		3.17694  		3.48296  		3.27166  		3.57361  		6.13953  		6.72194  		6.17289  		6.7642   		1.50534  		1.89703  		2.38508  		1.85962  		1.90801  		2.96417  		1.30174  		1.54321  		1.67059  		1.11618  		1.20502  		1.27598  		1.0      
6.31089  		3.19592  		3.11497  		3.19592  		3.21459  		3.29081  		3.30539  		6.17486  		6.18345  		6.20828  		6.22578  		1.73612  		2.21183  		2.71457  		1.87066  		2.22522  		2.9838   		1.13834  		1.17774  		1.56065  		1.06022  		1.08945  		1.09899  		1.0      
6.34752  		3.03391  		3.31361  		3.03391  		3.41304  		3.12863  		3.50369  		5.85373  		6.58214  		5.88708  		6.62441  		1.50534  		1.89703  		2.38508  		1.85962  		1.90801  		2.96417  		1.23373  		1.44621  		1.57357  		1.05928  		1.12786  		1.16555  		1.0      
6.97375  		3.46561  		3.50815  		3.46561  		3.60776  		3.5605   		3.69857  		6.71369  		6.96895  		6.74711  		7.01128  		1.73612  		2.21183  		2.71457  		1.87066  		2.22522  		2.9838   		1.36887  		1.73617  		2.11909  		1.06656  		1.11756  		1.17507  		1.0      
6.03251  		2.91462  		3.11789  		2.91462  		3.21732  		3.00934  		3.30797  		5.61533  		6.19065  		5.64869  		6.23292  		1.50551  		1.94453  		2.43259  		1.85962  		1.95551  		2.96417  		1.26387  		1.44395  		1.51956  		1.05412  		1.10508  		1.15815  		1.0      
5.62754  		2.88153  		2.74601  		2.88153  		2.84562  		2.97642  		2.93643  		5.54636  		5.44577  		5.57978  		5.4881   		1.73612  		2.21183  		2.71457  		1.87066  		2.22522  		2.9838   		0.976493 		0.990531 		1.37344  		0.94558  		0.90993  		0.857553 		1.0      
6.75236  		3.352    		3.40036  		3.352    		3.49997  		3.44689  		3.59078  		6.48649  		6.75338  		6.51991  		6.79571  		1.73612  		2.21183  		2.71457  		1.87066  		2.22522  		2.9838   		1.20002  		1.56744  		1.95035  		1.02861  		1.04089  		1.05595  		1.0      
6.80771  		3.39171  		3.41601  		3.39171  		3.51562  		3.4866   		3.60643  		6.56593  		6.78477  		6.59934  		6.82711  		1.73612  		2.21183  		2.71457  		1.87066  		2.22522  		2.9838   		1.26874  		1.63596  		2.01887  		1.06488  		1.08241  		1.13936  		1.0      
4.9346   		2.49467  		2.43993  		2.49467  		2.53954  		2.58956  		2.63035  		4.77321  		4.834    		4.80662  		4.87633  		1.73612  		2.21183  		2.71457  		1.87066  		2.22522  		2.9838   		0.917926 		0.94059  		1.3235   		0.828134 		0.703685 		0.624884 		1.0      
5.74322  		2.97389  		2.76932  		2.97389  		2.86894  		3.06878  		2.95974  		5.731    		5.49241  		5.76442  		5.53474  		1.73612  		2.21183  		2.71457  		1.87066  		2.22522  		2.9838   		0.998499 		0.996458 		1.37937  		0.985312 		0.953648 		0.962437 		1.0      
5.8407   		2.85277  		2.98793  		2.85277  		3.08736  		2.94749  		3.17801  		5.49266  		5.93198  		5.52601  		5.97425  		1.32188  		1.66937  		2.15742  		1.85962  		1.68035  		2.96417  		1.22397  		1.43499  		1.48669  		0.993278 		1.03188  		1.11921  		1.0      
5.82317  		2.95746  		2.86571  		2.95746  		2.96532  		3.05235  		3.05613  		5.69835  		5.68509  		5.73176  		5.72742  		1.73612  		2.21183  		2.71457  		1.87066  		2.22522  		2.9838   		1.10153  		1.18556  		1.56847  		0.964114 		0.892951 		0.952308 		1.0      
5.97574  		3.00103  		2.97471  		3.00103  		3.07432  		3.09592  		3.16513  		5.78542  		5.90297  		5.81884  		5.9453   		1.73612  		2.21183  		2.71457  		1.87066  		2.22522  		2.9838   		1.22525  		1.30919  		1.6921   		1.0572   		1.01604  		1.0637   		1.0      
6.03576  		2.91493  		3.12083  		2.91493  		3.22026  		3.00965  		3.31091  		5.61595  		6.19654  		5.6493   		6.2388   		1.5048   		1.94383  		2.43188  		1.85962  		1.9548   		2.96417  		1.26395  		1.44398  		1.51959  		1.05413  		1.1051   		1.15805  		1.0      
5.63547  		2.72653  		2.90894  		2.72653  		3.00837  		2.82125  		3.09902  		5.23937  		5.77282  		5.27272  		5.81508  		1.5048   		1.94383  		2.43188  		1.85962  		1.9548   		2.96417  		1.04935  		1.23173  		1.30699  		0.917485 		0.934676 		0.894685 		1.0      
6.01742  		3.09679  		2.92063  		3.09679  		3.02025  		3.19168  		3.11105  		5.97673  		5.79494  		6.01014  		5.83727  		1.73612  		2.21183  		2.71457  		1.87066  		2.22522  		2.9838   		1.18739  		1.18533  		1.56825  		1.06669  		1.06136  		1.12652  		1.0      
5.73968  		2.82485  		2.91484  		2.82485  		3.01426  		2.91957  		3.10491  		5.4363   		5.78551  		5.46965  		5.82777  		1.43949  		1.83308  		2.32113  		1.85962  		1.84407  		2.96417  		1.18058  		1.38903  		1.42957  		1.01489  		1.03271  		1.09333  		1.0      
6.17672  		2.98256  		3.19416  		2.98256  		3.29359  		3.07728  		3.38424  		5.75114  		6.3431   		5.7845   		6.38536  		1.49838  		1.9374   		2.42546  		1.85962  		1.94838  		2.96417  		1.26396  		1.44984  		1.54067  		1.11663  		1.1726   		1.25901  		1.0      
5.76727  		2.9736   		2.79368  		2.9736   		2.89329  		3.06849  		2.9841   		5.73042  		5.5411   		5.76384  		5.58343  		1.73612  		2.21183  		2.71457  		1.87066  		2.22522  		2.9838   		1.01865  		1.01663  		1.39954  		1.00543  		0.973806 		0.982593 		1.0      
5.76727  		2.9736   		2.79368  		2.9736   		2.89329  		3.06849  		2.9841   		5.73042  		5.5411   		5.76384  		5.58343  		1.73612  		2.21183  		2.71457  		1.87066  		2.22522  		2.9838   		1.01865  		1.01663  		1.39954  		1.00543  		0.973806 		0.982593 		1.0      
7.12525  		3.51125  		3.61399  		3.51125  		3.71361  		3.60614  		3.80441  		6.80528  		7.18091  		6.8387   		7.22324  		1.73612  		2.21183  		2.71457  		1.87066  		2.22522  		2.9838   		1.40962  		1.74114  		2.12405  		1.15053  		1.17424  		1.28573  		1.0      
4.74079  		2.28961  		2.45118  		2.28961  		2.55061  		2.38433  		2.64126  		4.36972  		4.86241  		4.40307  		4.90467  		1.32922  		1.45116  		1.85074  		1.85962  		1.46215  		2.96417  		1.13816  		1.28019  		1.31552  		0.978258 		1.01694  		0.999249 		1.0      
0.0940223		0.0625587		0.0314637		0.0625587		-0.0594455		-0.0241853		-0.14252 		0.287161 		0.0712041		0.256658 		0.032442 		-0.515395		-0.395685		-0.391004		-0.777454		-0.379673		-0.839688		-0.582067		-0.481954		-0.306667		-0.51645 		-0.482179		-0.439792		1.0      
5.96448  		3.03776  		2.92672  		3.03776  		3.02633  		3.13265  		3.11714  		5.85872  		5.80702  		5.89213  		5.84936  		1.73612  		2.21183  		2.71457  		1.87066  		2.22522  		2.9838   		1.06908  		1.1466   		1.52952  		1.01515  		0.965806 		0.983347 		1.0      
0.422782 		-0.0338279		0.45661  		-0.0338279		0.374792 		-0.112048		0.299798 		0.0545925		0.896316 		0.0271425		0.86128  		-0.00750749		-0.0133059		0.00686587		-0.143967		-0.118914		-0.147552		0.0393615		0.0934623		0.196355 		-0.0933268		-0.0446123		0.0044737		1.0      
4.74898  		2.25903  		2.48995  		2.25903  		2.58938  		2.35375  		2.68003  		4.30851  		4.94072  		4.34186  		4.98298  		1.32958  		1.47861  		1.8306   		1.85962  		1.4896   		2.96417  		1.12015  		1.26981  		1.31037  		1.03082  		1.03644  		1.02626  		1.0      
4.40866  		2.12892  		2.27974  		2.12892  		2.37917  		2.22364  		2.46982  		4.04902  		4.52092  		4.08237  		4.56318  		1.29851  		1.40283  		1.75482  		1.85962  		1.41382  		2.96417  		1.08324  		1.20223  		1.20921  		0.987431 		0.993056 		0.971091 		1.0      
7.08631  		3.46583  		3.62049  		3.46583  		3.7201   		3.56072  		3.81091  		6.71447  		7.19386  		6.74788  		7.23619  		1.73612  		2.21183  		2.71457  		1.87066  		2.22522  		2.9838   		1.37528  		1.70672  		2.08963  		1.1972   		1.24714  		1.3588   		1.0      
6.84409  		3.39075  		3.45334  		3.39075  		3.55295  		3.48564  		3.64376  		6.56445  		6.85981  		6.59787  		6.90214  		1.73612  		2.21183  		2.71457  		1.87066  		2.22522  		2.9838   		1.29673  		1.45968  		1.84259  		1.20194  		1.24867  		1.36113  		1.0      
5.91024  		3.03736  		2.87288  		3.03736  		2.9725   		3.13225  		3.0633   		5.85791  		5.6994   		5.89132  		5.74173  		1.73612  		2.21183  		2.71457  		1.87066  		2.22522  		2.9838   		1.05338  		1.13922  		1.52213  		0.977205 		0.942944 		0.910162 		1.0      
3.91512  		2.18256  		1.73256  		2.18256  		1.80399  		2.2515   		1.87064  		4.20841  		3.4359   		4.23222  		3.46734  		1.48583  		1.80934  		2.03404  		1.60939  		1.79086  		2.11812  		0.976547 		1.10688  		1.35351  		1.01084  		1.03947  		1.03161  		1.0      
5.73451  		2.99985  		2.73466  		2.99985  		2.83427  		3.09474  		2.92508  		5.78289  		5.42312  		5.81631  		5.46545  		1.73612  		2.21183  		2.71457  		1.87066  		2.22522  		2.9838   		1.00872  		1.03184  		1.41475  		1.01158  		1.00264  		1.06614  		1.0      
5.53672  		2.89244  		2.64428  		2.89244  		2.74389  		2.98733  		2.8347   		5.56813  		5.24238  		5.60154  		5.28471  		1.73612  		2.21183  		2.71457  		1.87066  		2.22522  		2.9838   		0.908495 		0.947776 		1.33069  		0.928499 		0.89606  		0.848121 		1.0      
6.61998  		3.32079  		3.29919  		3.32079  		3.3988   		3.41568  		3.48961  		6.42416  		6.55116  		6.45757  		6.59349  		1.73612  		2.21183  		2.71457  		1.87066  		2.22522  		2.9838   		1.14166  		1.50897  		1.89189  		1.02144  		1.04881  		1.06752  		1.0      
5.62478  		2.94839  		2.67638  		2.94839  		2.776    		3.04328  		2.86681  		5.67999  		5.3066   		5.7134   		5.34893  		1.73612  		2.21183  		2.71457  		1.87066  		2.22522  		2.9838   		0.980409 		1.00361  		1.38653  		0.981446 		0.946167 		0.953395 		1.0      
5.8051   		2.77835  		3.02675  		2.77835  		3.12618  		2.87307  		3.21683  		5.34301  		6.00841  		5.37636  		6.05067  		1.50551  		1.94453  		2.43259  		1.85962  		1.95551  		2.96417  		1.13165  		1.28957  		1.37186  		0.970206 		1.00245  		1.00643  		1.0      
5.6218   		2.71656  		2.90524  		2.71656  		3.00467  		2.81128  		3.09532  		5.21944  		5.7654   		5.25279  		5.80766  		1.50551  		1.94453  		2.43259  		1.85962  		1.95551  		2.96417  		1.03963  		1.23058  		1.30584  		0.908354 		0.925439 		0.885568 		1.0      
5.81077  		2.98744  		2.82332  		2.98744  		2.92294  		3.08233  		3.01374  		5.75812  		5.60039  		5.79154  		5.64273  		1.73612  		2.21183  		2.71457  		1.87066  		2.22522  		2.9838   		1.0551   		1.05298  		1.4359   		0.987125 		0.963028 		0.979098 		1.0      
5.62754  		2.88153  		2.74601  		2.88153  		2.84562  		2.97642  		2.93643  		5.54636  		5.44577  		5.57978  		5.4881   		1.73612  		2.21183  		2.71457  		1.87066  		2.22522  		2.9838   		0.976493 		0.990531 		1.37344  		0.94558  		0.90993  		0.857553 		1.0      
6.90118  		3.42396  		3.47721  		3.42396  		3.57683  		3.51885  		3.66763  		6.63044  		6.90708  		6.66385  		6.94942  		1.73612  		2.21183  		2.71457  		1.87066  		2.22522  		2.9838   		1.23645  		1.60381  		1.98672  		1.04917  		1.0864   		1.12861  		1.0      
5.38899  		2.61005  		2.77894  		2.61005  		2.87837  		2.70477  		2.96902  		5.00651  		5.51317  		5.03986  		5.55544  		1.48128  		1.9203   		2.40836  		1.85962  		1.93128  		2.96417  		0.921513 		1.06477  		1.11106  		0.898476 		0.878758 		0.844684 		1.0      
5.75737  		2.9539   		2.80347  		2.9539   		2.90309  		3.04879  		2.9939   		5.69104  		5.56069  		5.72445  		5.60302  		1.73612  		2.21183  		2.71457  		1.87066  		2.22522  		2.9838   		0.998499 		0.996458 		1.37937  		1.00062  		0.976353 		0.992494 		1.0      
