origin_200 mse:22.769257640479392 ,acc=1.0
odd_0_200 : mse=4.1221505906484674 ,acc=1.0
even_0_200 : mse=4.079683318140047 ,acc=1.0
odd_1_200 : mse=4.1221505906484674 ,acc=1.0
even_1_200 : mse=4.459376502751777 ,acc=1.0
odd_3_200 : mse=4.484288203818293 ,acc=1.0
even_3_200 : mse=4.821921653866224 ,acc=1.0
k+1_odd_1_200 : mse=21.04378152168281 ,acc=1.0
k+1_even_1_200 : mse=22.30891802702031 ,acc=1.0
k+1_odd_3_200 : mse=21.32490012730686 ,acc=1.0
k+1_even_3_200 : mse=22.681920538765713 ,acc=1.0
OOitr_30_100_3 : mse=0.6144671417390044 ,acc=0.9937106918238994
	30 is chosen from 100 trees
OOitr_40_100_3 : mse=1.2178777513715195 ,acc=0.9937106918238994
	40 is chosen from 100 trees
OOitr_50_100_3 : mse=2.125329937640015 ,acc=1.0
	50 is chosen from 100 trees
OOitr_30_66_5 : mse=0.9785430853593066 ,acc=0.9874213836477987
	30 is chosen from 66 trees
OOitr_40_100_5 : mse=1.2353006838693248 ,acc=0.9937106918238994
	40 is chosen from 100 trees
OOitr_50_66_5 : mse=3.681835289130913 ,acc=0.9937106918238994
	50 is chosen from 66 trees
OOitr_30_140_3 : mse=0.28204962060758243 ,acc=0.9874213836477987
	30 is chosen from 140 trees
OOitr_40_140_3 : mse=0.39575802337783006 ,acc=0.9937106918238994
	40 is chosen from 140 trees
OOitr_50_140_3 : mse=0.6340666891406673 ,acc=0.9937106918238994
	50 is chosen from 140 trees
OOitr_30_200_5 : mse=0.26384696242211425 ,acc=0.9874213836477987
	30 is chosen from 200 trees
OOitr_40_200_5 : mse=0.3072519776198363 ,acc=0.9874213836477987
	40 is chosen from 200 trees
OOitr_50_200_5 : mse=0.3589878990493299 ,acc=0.9874213836477987
	50 is chosen from 200 trees

origin   		odd_0    		even_0   		odd_1    		even_1   		odd_3    		even_3   		k+1 odd_1		k+1 even_1		k+1 odd_3		k+1 even_3		oo_15    		oo_20    		oo_25    		oo_15    		oo_20    		oo_25    		oo_15_1  		oo_20_2  		oo_25_3  		oo_15_4  		oo_20_5  		oo_25_6  		label
-4.0108  		-1.82573 		-2.18507 		-1.82573 		-2.26007 		-1.898   		-2.32984 		-3.50213 		-4.33616 		-3.52676 		-4.36877 		-1.13043 		-1.33209 		-1.49617 		-1.32616 		-1.35019 		-1.94115 		-0.996653		-1.09436 		-1.17972 		-1.02716 		-1.11619 		-1.18183 		0.0      
-4.61024 		-2.19592 		-2.41433 		-2.19592 		-2.50256 		-2.28041 		-2.58373 		-4.20888 		-4.79135 		-4.23796 		-4.82907 		-1.26946 		-1.55234 		-1.76963 		-1.42158 		-1.57236 		-2.1526  		-1.03752 		-1.13522 		-1.23605 		-1.08634 		-1.17536 		-1.241   		0.0      
-2.8231  		-1.49967 		-1.32344 		-1.49967 		-1.40122 		-1.57451 		-1.4734  		-2.85864 		-2.63761 		-2.8842  		-2.6713  		-0.987201		-1.12185 		-1.3238  		-1.00394 		-1.15337 		-1.45765 		-0.725119		-0.833008		-0.984803		-0.691603		-0.748116		-0.774364		0.0      
-4.08653 		-1.92126 		-2.16526 		-1.92126 		-2.24026 		-1.99353 		-2.31003 		-3.69242 		-4.29661 		-3.71705 		-4.32923 		-1.1404  		-1.35289 		-1.51697 		-1.32616 		-1.37099 		-1.95715 		-0.996653		-1.11576 		-1.20507 		-1.02716 		-1.11619 		-1.17246 		0.0      
-3.95382 		-2.07669 		-1.87713 		-2.07669 		-1.97158 		-2.16687 		-2.05802 		-3.96194 		-3.72429 		-3.9931  		-3.76436 		-1.23254 		-1.37549 		-1.49151 		-1.41916 		-1.40883 		-2.16197 		-1.08866 		-1.18155 		-1.31226 		-1.03566 		-1.08281 		-1.12461 		0.0      
-4.78176 		-2.39761 		-2.38416 		-2.39761 		-2.4786  		-2.48778 		-2.56504 		-4.59788 		-4.73148 		-4.62904 		-4.77155 		-1.46516 		-1.66863 		-1.88333 		-1.53283 		-1.68774 		-2.44157 		-1.11554 		-1.27814 		-1.42993 		-1.08474 		-1.15324 		-1.19883 		0.0      
-4.20504 		-2.07196 		-2.13308 		-2.07196 		-2.22308 		-2.15807 		-2.30575 		-3.95708 		-4.23129 		-3.98675 		-4.26968 		-1.19798 		-1.4004  		-1.60771 		-1.4972  		-1.38553 		-2.35143 		-0.987692		-1.02371 		-1.09378 		-1.01625 		-1.0897  		-1.14201 		0.0      
-3.70815 		-1.79822 		-1.90992 		-1.79822 		-1.99992 		-1.88433 		-2.08259 		-3.41439 		-3.78826 		-3.44406 		-3.82665 		-1.1684  		-1.33662 		-1.57348 		-1.38716 		-1.35877 		-2.07494 		-0.952053		-0.997216		-1.08766 		-1.00149 		-1.07119 		-1.09447 		0.0      
-4.49633 		-2.21704 		-2.2793  		-2.21704 		-2.37676 		-2.30998 		-2.46576 		-4.232   		-4.52153 		-4.26418 		-4.56274 		-1.1912  		-1.45696 		-1.72569 		-1.53116 		-1.44506 		-2.43697 		-1.0301  		-1.03789 		-1.12581 		-1.02654 		-1.09239 		-1.14136 		0.0      
-4.21891 		-2.11109 		-2.10782 		-2.11109 		-2.20529 		-2.20402 		-2.29429 		-4.02063 		-4.18023 		-4.05281 		-4.22144 		-1.20843 		-1.45522 		-1.63531 		-1.54041 		-1.43875 		-2.46052 		-1.01459 		-0.990487		-1.02926 		-1.02112 		-1.07717 		-1.1063  		0.0      
-3.95608 		-1.97682 		-1.97927 		-1.97682 		-2.07462 		-2.06782 		-2.16183 		-3.75867 		-3.92592 		-3.79014 		-3.96634 		-1.17734 		-1.28826 		-1.52261 		-1.47862 		-1.23443 		-2.15441 		-1.05113 		-1.08797 		-1.1944  		-1.07311 		-1.12198 		-1.13375 		0.0      
-5.06109 		-2.56544 		-2.49565 		-2.56544 		-2.59312 		-2.65837 		-2.68212 		-4.92622 		-4.95319 		-4.95839 		-4.9944  		-1.23668 		-1.46157 		-1.82946 		-1.56839 		-1.51904 		-2.50883 		-1.10582 		-1.20695 		-1.35006 		-1.01224 		-1.08358 		-1.16394 		0.0      
-5.48037 		-2.72022 		-2.76016 		-2.72022 		-2.85763 		-2.81315 		-2.94662 		-5.23423 		-5.47888 		-5.26641 		-5.52009 		-1.55989 		-1.8475  		-2.21388 		-1.63602 		-1.90497 		-2.66456 		-1.16129 		-1.27571 		-1.45668 		-1.0773  		-1.16157 		-1.23992 		0.0      
-2.83113 		-1.44031 		-1.39082 		-1.44031 		-1.48248 		-1.52794 		-1.56657 		-2.69845 		-2.75565 		-2.72868 		-2.79467 		-1.13232 		-1.20481 		-1.20711 		-1.10319 		-1.24294 		-1.62324 		-0.953097		-0.948903		-0.963154		-0.992108		-1.01289 		-1.02265 		0.0      
-4.36207 		-2.00195 		-2.36012 		-2.00195 		-2.45547 		-2.09296 		-2.54267 		-3.80894 		-4.68199 		-3.8404  		-4.7224  		-1.31528 		-1.58612 		-1.88121 		-1.54102 		-1.60297 		-2.3627  		-1.00241 		-1.02857 		-1.08796 		-1.03151 		-1.08211 		-1.08714 		0.0      
-5.82062 		-2.91576 		-2.90486 		-2.91576 		-3.00233 		-3.0087  		-3.09133 		-5.62421 		-5.7676  		-5.65639 		-5.80881 		-1.55989 		-1.88501 		-2.25139 		-1.71208 		-1.90497 		-2.74062 		-1.20129 		-1.36147 		-1.59356 		-1.08747 		-1.18382 		-1.26969 		0.0      
-5.78815 		-2.86714 		-2.92102 		-2.86714 		-3.01849 		-2.96007 		-3.10748 		-5.52776 		-5.80044 		-5.55994 		-5.84165 		-1.53381 		-1.83347 		-2.16859 		-1.64583 		-1.85859 		-2.66686 		-1.20994 		-1.37927 		-1.63173 		-1.10666 		-1.21126 		-1.29049 		0.0      
-4.81264 		-2.29353 		-2.51911 		-2.29353 		-2.61446 		-2.38453 		-2.70167 		-4.38889 		-4.99934 		-4.42035 		-5.03975 		-1.36347 		-1.63431 		-1.97354 		-1.62846 		-1.65117 		-2.49387 		-1.08572 		-1.15764 		-1.26106 		-1.08499 		-1.14767 		-1.16022 		0.0      
-0.834732		-0.549888		-0.284843		-0.549888		-0.229288		-0.49646 		-0.177848		-1.17602 		-0.568032		-1.15771 		-0.544066		0.0626219		0.0161835		-0.182919		0.0879167		0.0585991		-0.178196		0.108104 		0.0910344		0.0540654		0.146674 		0.110584 		0.0590801		0.0      
-4.65495 		-2.16491 		-2.49004 		-2.16491 		-2.58751 		-2.25784 		-2.67651 		-4.12548 		-4.93984 		-4.15766 		-4.98105 		-1.26675 		-1.5597  		-1.90556 		-1.69325 		-1.56044 		-2.70907 		-1.05164 		-1.07515 		-1.1243  		-1.05444 		-1.08064 		-1.10052 		0.0      
-3.96402 		-2.19122 		-1.7728  		-2.19122 		-1.86815 		-2.28222 		-1.95536 		-4.18407 		-3.51456 		-4.21553 		-3.55498 		-1.11451 		-1.2987  		-1.50095 		-1.52881 		-1.21586 		-2.24905 		-1.01674 		-1.02547 		-1.15943 		-0.991315		-1.00222 		-1.01452 		0.0      
-4.67652 		-2.20571 		-2.47081 		-2.20571 		-2.56828 		-2.29864 		-2.65728 		-4.20677 		-4.90139 		-4.23894 		-4.9426  		-1.30755 		-1.6005  		-1.94636 		-1.69325 		-1.60124 		-2.70907 		-1.0525  		-1.07601 		-1.12517 		-1.05444 		-1.08064 		-1.10052 		0.0      
-5.88274 		-2.83354 		-3.0492  		-2.83354 		-3.14455 		-2.92454 		-3.23176 		-5.46631 		-6.05907 		-5.49777 		-6.09948 		-1.39225 		-1.77516 		-2.14717 		-1.64318 		-1.79202 		-2.60771 		-1.14623 		-1.3366  		-1.4761  		-1.14804 		-1.24144 		-1.34536 		0.0      
-7.26694 		-3.66008 		-3.60687 		-3.66008 		-3.70221 		-3.75108 		-3.78942 		-7.11438 		-7.16976 		-7.14584 		-7.21017 		-1.53446 		-1.92582 		-2.33183 		-1.76036 		-1.94267 		-2.77904 		-1.35375 		-1.63144 		-1.91486 		-1.34441 		-1.54187 		-1.74526 		0.0      
-3.90477 		-1.93158 		-1.97319 		-1.93158 		-2.0641  		-2.01852 		-2.14754 		-3.67806 		-3.91643 		-3.70804 		-3.95516 		-1.03356 		-1.16753 		-1.32798 		-1.31629 		-1.18254 		-1.98394 		-0.909945		-1.02063 		-1.08773 		-0.957994		-0.995417		-1.0536  		0.0      
-7.26694 		-3.66008 		-3.60687 		-3.66008 		-3.70221 		-3.75108 		-3.78942 		-7.11438 		-7.16976 		-7.14584 		-7.21017 		-1.53446 		-1.92582 		-2.33183 		-1.76036 		-1.94267 		-2.77904 		-1.35375 		-1.63144 		-1.91486 		-1.34441 		-1.54187 		-1.74526 		0.0      
-1.80501 		-0.85762 		-0.947394		-0.85762 		-0.947394		-0.85762 		-0.947394		-1.70151 		-1.87933 		-1.70151 		-1.87933 		-0.497169		-0.647869		-0.757504		-0.433461		-0.691105		-0.563563		-0.366845		-0.479905		-0.598596		-0.415191		-0.433026		-0.457779		0.0      
-2.16873 		-1.00401 		-1.16472 		-1.00401 		-1.25044 		-1.08618 		-1.32945 		-1.85678 		-2.32293 		-1.88501 		-2.35968 		-0.563955		-0.719923		-0.774022		-0.660008		-0.728472		-0.822842		-0.518746		-0.621438		-0.72068 		-0.523599		-0.537366		-0.575985		0.0      
-3.07522 		-1.53029 		-1.54493 		-1.53029 		-1.62271 		-1.60513 		-1.69489 		-2.9017  		-3.06002 		-2.92727 		-3.09371 		-1.07163 		-1.27862 		-1.36145 		-1.36045 		-1.21913 		-2.0065  		-0.734604		-0.762805		-0.860672		-0.8253  		-0.812655		-0.802806		0.0      
-2.3868  		-1.22788 		-1.15893 		-1.22788 		-1.2367  		-1.30272 		-1.30888 		-2.30057 		-2.29777 		-2.32614 		-2.33146 		-0.840438		-0.944856		-1.02641 		-1.04131 		-0.900633		-1.43013 		-0.740777		-0.769398		-0.856676		-0.743551		-0.758759		-0.777221		0.0      
-4.57892 		-2.25841 		-2.32052 		-2.25841 		-2.41496 		-2.34858 		-2.5014  		-4.3193  		-4.60452 		-4.35046 		-4.64459 		-1.3371  		-1.61173 		-1.84827 		-1.61889 		-1.57852 		-2.46465 		-1.04413 		-1.13915 		-1.22148 		-1.01685 		-1.0375  		-1.09645 		0.0      
-2.98615 		-1.67733 		-1.30882 		-1.67733 		-1.40326 		-1.76751 		-1.48971 		-3.16721 		-2.59932 		-3.19838 		-2.6394  		-0.984783		-1.13616 		-1.17729 		-1.16362 		-1.0673  		-1.71256 		-0.805954		-0.870368		-0.883068		-0.746224		-0.762396		-0.783372		0.0      
-4.77034 		-2.55207 		-2.21827 		-2.55207 		-2.30651 		-2.63656 		-2.38767 		-4.9154  		-4.40399 		-4.94448 		-4.44171 		-1.29312 		-1.60251 		-1.86194 		-1.45238 		-1.60377 		-2.20694 		-1.14405 		-1.23106 		-1.4191  		-1.06421 		-1.11401 		-1.20217 		0.0      
-5.10077 		-2.5493  		-2.55147 		-2.5493  		-2.64894 		-2.64224 		-2.73794 		-4.89472 		-5.06456 		-4.9269  		-5.10577 		-1.39284 		-1.63962 		-1.81971 		-1.63653 		-1.62315 		-2.62043 		-1.25394 		-1.41357 		-1.54592 		-1.12295 		-1.17961 		-1.26332 		0.0      
-5.38693 		-2.82475 		-2.56218 		-2.82475 		-2.65385 		-2.91238 		-2.73793 		-5.45716 		-5.09    		-5.48739 		-5.12902 		-1.36395 		-1.62404 		-1.83755 		-1.48442 		-1.65423 		-2.27147 		-1.15632 		-1.33942 		-1.60092 		-1.08609 		-1.19575 		-1.32934 		0.0      
-4.46623 		-2.21356 		-2.25268 		-2.21356 		-2.34359 		-2.3005  		-2.42703 		-4.23762 		-4.47038 		-4.2676  		-4.50912 		-1.13079 		-1.31961 		-1.57075 		-1.5665  		-1.33462 		-2.39781 		-1.01051 		-1.12119 		-1.18829 		-1.02946 		-1.06689 		-1.13446 		0.0      
-3.36562 		-1.6913  		-1.67432 		-1.6913  		-1.76523 		-1.77824 		-1.84867 		-3.20127 		-3.31814 		-3.23125 		-3.35688 		-1.09434 		-1.23718 		-1.27475 		-1.45363 		-1.22362 		-2.10343 		-0.983088		-1.09665 		-1.14776 		-0.93561 		-0.985694		-1.00509 		0.0      
-4.46623 		-2.21356 		-2.25268 		-2.21356 		-2.34359 		-2.3005  		-2.42703 		-4.23762 		-4.47038 		-4.2676  		-4.50912 		-1.13079 		-1.31961 		-1.57075 		-1.5665  		-1.33462 		-2.39781 		-1.01051 		-1.12119 		-1.18829 		-1.02946 		-1.06689 		-1.13446 		0.0      
6.66003  		3.38817  		3.27186  		3.38817  		3.37147  		3.48306  		3.46228  		6.55999  		6.49713  		6.59289  		6.53914  		1.73929  		2.20836  		2.68715  		1.87165  		2.21962  		2.9782   		1.15797  		1.34997  		1.73332  		1.10876  		1.18423  		1.25596  		1.0      
4.02234  		1.96867  		2.05366  		1.96867  		2.14533  		2.05631  		2.22942  		3.74767  		4.07298  		3.7779   		4.112    		1.31643  		1.57899  		1.78839  		1.32937  		1.59835  		2.12646  		1.00739  		1.04175  		1.14477  		0.987877 		1.00742  		1.02957  		1.0      
5.78881  		2.8872   		2.90161  		2.8872   		3.00103  		2.98191  		3.09167  		5.56145  		5.75961  		5.59429  		5.80155  		1.53648  		1.92542  		2.37259  		1.86046  		1.93587  		2.95728  		1.12274  		1.18543  		1.33584  		1.14847  		1.23647  		1.30376  		1.0      
7.41722  		3.75283  		3.66438  		3.75283  		3.764    		3.84773  		3.85481  		7.28907  		7.28196  		7.32197  		7.32397  		1.73929  		2.20836  		2.68715  		1.87165  		2.21962  		2.9782   		1.35272  		1.56188  		1.94523  		1.27207  		1.42141  		1.57052  		1.0      
6.46697  		3.25119  		3.21579  		3.25119  		3.31541  		3.34608  		3.40622  		6.2861   		6.38502  		6.319    		6.42704  		1.73929  		2.20836  		2.68715  		1.87165  		2.21962  		2.9782   		1.13824  		1.30309  		1.68644  		1.11381  		1.16977  		1.21907  		1.0      
3.9349   		2.09455  		1.84035  		2.09455  		1.92702  		2.1776   		2.00684  		4.01421  		3.65533  		4.04276  		3.69245  		1.10519  		1.40874  		1.57497  		0.973462 		1.41478  		1.2117   		0.914116 		0.993951 		1.17347  		0.888024 		0.974734 		1.04315  		1.0      
7.1214   		3.59351  		3.52788  		3.59351  		3.6275   		3.6884   		3.71831  		6.97047  		7.00893  		7.00336  		7.05094  		1.73929  		2.20836  		2.68715  		1.87165  		2.21962  		2.9782   		1.22693  		1.43617  		1.81952  		1.18645  		1.29308  		1.41229  		1.0      
3.7455   		1.91069  		1.83482  		1.91069  		1.92149  		1.99373  		2.00131  		3.64425  		3.64058  		3.6728   		3.6777   		1.18551  		1.44207  		1.68396  		1.17005  		1.41656  		1.64721  		0.90634  		0.946989 		1.06805  		0.897221 		0.951192 		0.992327 		1.0      
6.58917  		3.29701  		3.29216  		3.29701  		3.39178  		3.3919   		3.48259  		6.37764  		6.53767  		6.41054  		6.57968  		1.73929  		2.20836  		2.68715  		1.87165  		2.21962  		2.9782   		1.13994  		1.34802  		1.73137  		1.11075  		1.18562  		1.25686  		1.0      
7.1214   		3.59351  		3.52788  		3.59351  		3.6275   		3.6884   		3.71831  		6.97047  		7.00893  		7.00336  		7.05094  		1.73929  		2.20836  		2.68715  		1.87165  		2.21962  		2.9782   		1.22693  		1.43617  		1.81952  		1.18645  		1.29308  		1.41229  		1.0      
4.01319  		2.00828  		2.00491  		2.00828  		2.09658  		2.09591  		2.18066  		3.82673  		3.9758   		3.85696  		4.01483  		1.31644  		1.587    		1.80485  		1.34584  		1.59835  		2.14292  		1.02289  		1.05724  		1.16027  		1.01721  		1.03788  		1.06176  		1.0      
3.7455   		1.91069  		1.83482  		1.91069  		1.92149  		1.99373  		2.00131  		3.64425  		3.64058  		3.6728   		3.6777   		1.18551  		1.44207  		1.68396  		1.17005  		1.41656  		1.64721  		0.90634  		0.946989 		1.06805  		0.897221 		0.951192 		0.992327 		1.0      
6.98511  		3.49495  		3.49016  		3.49495  		3.58958  		3.58966  		3.68023  		6.77475  		6.93414  		6.80758  		6.97608  		1.69618  		2.1423   		2.60282  		1.86046  		2.1519   		2.95728  		1.23138  		1.49733  		1.75841  		1.17691  		1.29118  		1.3677   		1.0      
7.83051  		3.98473  		3.84578  		3.98473  		3.9454   		4.07962  		4.03621  		7.75238  		7.64443  		7.78527  		7.68645  		1.73929  		2.20836  		2.68715  		1.87165  		2.21962  		2.9782   		1.38445  		1.72403  		2.10738  		1.29285  		1.48094  		1.65629  		1.0      
3.10576  		1.81166  		1.29411  		1.81166  		1.38234  		1.89615  		1.46351  		3.44816  		2.57016  		3.47724  		2.60788  		1.09388  		1.28563  		1.31084  		0.831711 		1.28729  		0.871932 		0.888709 		1.06819  		1.30182  		0.877832 		0.90942  		0.964617 		1.0      
6.78331  		3.43076  		3.35256  		3.43076  		3.45217  		3.52565  		3.54298  		6.64507  		6.65847  		6.67797  		6.70048  		1.73929  		2.20836  		2.68715  		1.87165  		2.21962  		2.9782   		1.20379  		1.5026   		1.88595  		1.13874  		1.1784   		1.29367  		1.0      
4.27652  		2.10508  		2.17144  		2.10508  		2.26275  		2.19238  		2.34653  		4.02261  		4.30887  		4.05271  		4.34775  		1.41527  		1.55882  		1.69606  		1.33311  		1.57797  		2.13246  		1.09114  		1.31619  		1.50217  		1.05022  		1.06019  		1.09864  		1.0      
3.96003  		1.86043  		2.0996   		1.86043  		2.1909   		1.94773  		2.27468  		3.53508  		4.16543  		3.56519  		4.20431  		1.18339  		1.22399  		1.42731  		1.2774   		1.29541  		2.10711  		1.06155  		1.231    		1.3814   		1.04108  		1.0389   		1.11375  		1.0      
6.69515  		3.39417  		3.30098  		3.39417  		3.4006   		3.48906  		3.49141  		6.572    		6.55545  		6.60489  		6.59746  		1.73929  		2.20836  		2.68715  		1.87165  		2.21962  		2.9782   		1.22213  		1.51113  		1.89449  		1.15347  		1.18142  		1.28032  		1.0      
3.82955  		1.81     		2.01956  		1.81     		2.11086  		1.8973   		2.19464  		3.43411  		4.00606  		3.46422  		4.04494  		1.23281  		1.31294  		1.45019  		1.33311  		1.3321   		2.13246  		1.04603  		1.18358  		1.28485  		1.03567  		1.02369  		1.0787   		1.0      
6.93945  		3.48183  		3.45762  		3.48183  		3.55704  		3.57655  		3.64769  		6.74845  		6.86916  		6.78128  		6.9111   		1.69618  		2.1423   		2.60282  		1.86046  		2.1519   		2.95728  		1.23899  		1.49182  		1.75646  		1.15691  		1.24079  		1.28743  		1.0      
5.98355  		3.04198  		2.94157  		3.04198  		3.04119  		3.13688  		3.132    		5.86803  		5.83684  		5.90093  		5.87886  		1.73929  		2.20836  		2.68715  		1.87165  		2.21962  		2.9782   		1.06871  		1.20968  		1.59303  		1.01588  		1.02184  		1.05258  		1.0      
5.10745  		2.48682  		2.62062  		2.48682  		2.72004  		2.58154  		2.81069  		4.7628   		5.19845  		4.79563  		5.24039  		1.2224   		1.54073  		1.87259  		1.86046  		1.55033  		2.95728  		1.06637  		1.10811  		1.07246  		1.00964  		1.00094  		0.970347 		1.0      
6.06596  		3.07765  		2.9883   		3.07765  		3.08792  		3.17255  		3.17873  		5.93917  		5.93023  		5.97206  		5.97224  		1.73929  		2.20836  		2.68715  		1.87165  		2.21962  		2.9782   		1.09462  		1.24701  		1.63036  		0.978653 		0.978745 		0.986196 		1.0      
5.37007  		2.6181   		2.75197  		2.6181   		2.85139  		2.71282  		2.94203  		5.02481  		5.46079  		5.05764  		5.50273  		1.31181  		1.63013  		1.96199  		1.86046  		1.63973  		2.95728  		1.09553  		1.15644  		1.1762   		1.04385  		1.0491   		1.04316  		1.0      
7.31774  		3.75407  		3.56367  		3.75407  		3.66309  		3.84879  		3.75373  		7.2921   		7.08119  		7.32493  		7.12313  		1.74862  		2.20259  		2.60257  		1.86046  		2.21216  		2.95728  		1.34819  		1.66281  		2.02657  		1.22761  		1.39165  		1.50013  		1.0      
5.95556  		2.91955  		3.03601  		2.91955  		3.13543  		3.01427  		3.22607  		5.62733  		6.02858  		5.66016  		6.07052  		1.29923  		1.58645  		1.98642  		1.86046  		1.59605  		2.95728  		1.20833  		1.36385  		1.40407  		1.13996  		1.248    		1.31571  		1.0      
6.02193  		2.96994  		3.05199  		2.96994  		3.15141  		3.06465  		3.24206  		5.72801  		6.06002  		5.76084  		6.10196  		1.37286  		1.71075  		2.07164  		1.86046  		1.72033  		2.95728  		1.23526  		1.35264  		1.4131   		1.17672  		1.27587  		1.34287  		1.0      
3.60243  		1.70189  		1.90054  		1.70189  		1.99429  		1.79144  		2.08014  		3.21483  		3.76907  		3.24576  		3.80888  		1.05355  		1.12028  		1.24366  		1.38741  		1.11124  		2.14155  		1.0381   		1.11713  		1.17955  		1.01234  		1.07164  		1.13929  		1.0      
3.60243  		1.70189  		1.90054  		1.70189  		1.99429  		1.79144  		2.08014  		3.21483  		3.76907  		3.24576  		3.80888  		1.05355  		1.12028  		1.24366  		1.38741  		1.11124  		2.14155  		1.0381   		1.11713  		1.17955  		1.01234  		1.07164  		1.13929  		1.0      
5.82524  		2.92046  		2.90478  		2.92046  		2.99811  		3.00962  		3.08362  		5.64446  		5.77336  		5.67525  		5.81301  		1.37181  		1.721    		2.00192  		1.51851  		1.72535  		2.21909  		1.25811  		1.44942  		1.64143  		1.21436  		1.34443  		1.48873  		1.0      
4.11453  		1.9527   		2.16183  		1.9527   		2.25231  		2.03924  		2.33539  		3.71967  		4.29039  		3.7495   		4.32896  		1.17056  		1.37752  		1.52268  		1.30482  		1.38441  		2.05387  		1.07076  		1.17946  		1.26931  		0.980621 		1.01889  		1.05295  		1.0      
6.89987  		3.36142  		3.53846  		3.36142  		3.63788  		3.45613  		3.72852  		6.50885  		7.03149  		6.54168  		7.07343  		1.62201  		2.03947  		2.49438  		1.86046  		2.04971  		2.95728  		1.32537  		1.50952  		1.70158  		1.28224  		1.41242  		1.55673  		1.0      
4.11663  		1.96924  		2.14739  		1.96924  		2.23787  		2.05578  		2.32094  		3.75277  		4.26151  		3.7826   		4.30008  		1.17056  		1.37752  		1.52268  		1.30482  		1.38441  		2.05387  		1.0601   		1.16881  		1.25365  		0.998363 		1.03664  		1.07069  		1.0      
6.49396  		3.19504  		3.29892  		3.19504  		3.39834  		3.28976  		3.48898  		6.17576  		6.55216  		6.20859  		6.5941   		1.68094  		2.11782  		2.57273  		1.86046  		2.12808  		2.95728  		1.13267  		1.29705  		1.52193  		1.17938  		1.27431  		1.35022  		1.0      
7.17258  		3.6321   		3.54048  		3.6321   		3.6401   		3.72699  		3.73091  		7.04757  		7.03403  		7.08047  		7.07604  		1.73929  		2.20836  		2.68715  		1.87165  		2.21962  		2.9782   		1.22236  		1.47358  		1.85693  		1.18124  		1.29006  		1.4222   		1.0      
6.48221  		3.2646   		3.21762  		3.2646   		3.31723  		3.35949  		3.40804  		6.31291  		6.38858  		6.3458   		6.4306   		1.73929  		2.20836  		2.68715  		1.87165  		2.21962  		2.9782   		1.13028  		1.33837  		1.72172  		1.09697  		1.14351  		1.17479  		1.0      
6.6966   		3.32433  		3.37227  		3.32433  		3.47169  		3.41905  		3.56233  		6.43409  		6.69876  		6.46692  		6.7407   		1.68094  		2.11782  		2.57273  		1.86046  		2.12808  		2.95728  		1.18933  		1.34881  		1.61004  		1.17868  		1.25474  		1.3597   		1.0      
3.93489  		1.89064  		2.04425  		1.89064  		2.13473  		1.97718  		2.2178   		3.59538  		4.05518  		3.62521  		4.09375  		1.17056  		1.37751  		1.53113  		1.31327  		1.3844   		2.06232  		0.935699 		1.04441  		1.12924  		0.931585 		0.941819 		0.94593  		1.0      
6.45026  		3.17924  		3.27102  		3.17924  		3.37044  		3.27395  		3.46109  		6.1442   		6.4964   		6.17703  		6.53834  		1.68094  		2.11782  		2.57273  		1.86046  		2.12808  		2.95728  		1.13588  		1.27819  		1.50307  		1.17307  		1.24926  		1.32687  		1.0      
3.93489  		1.89064  		2.04425  		1.89064  		2.13473  		1.97718  		2.2178   		3.59538  		4.05518  		3.62521  		4.09375  		1.17056  		1.37751  		1.53113  		1.31327  		1.3844   		2.06232  		0.935699 		1.04441  		1.12924  		0.931585 		0.941819 		0.94593  		1.0      
5.90819  		2.91105  		2.99713  		2.91105  		3.09047  		3.00022  		3.17597  		5.62485  		5.9556   		5.65564  		5.99525  		1.46123  		1.78344  		2.05048  		1.55558  		1.76841  		2.42405  		1.24237  		1.41829  		1.62559  		1.18722  		1.31146  		1.45584  		1.0      
4.03822  		1.94412  		2.09409  		1.94412  		2.18457  		2.03067  		2.26764  		3.70245  		4.15493  		3.73228  		4.1935   		1.20406  		1.38401  		1.51388  		1.29028  		1.41187  		2.03933  		0.966441 		1.07381  		1.18422  		0.950458 		0.970704 		0.989231 		1.0      
6.45026  		3.17924  		3.27102  		3.17924  		3.37044  		3.27395  		3.46109  		6.1442   		6.4964   		6.17703  		6.53834  		1.68094  		2.11782  		2.57273  		1.86046  		2.12808  		2.95728  		1.13588  		1.27819  		1.50307  		1.17307  		1.24926  		1.32687  		1.0      
5.90563  		2.84752  		3.05812  		2.84752  		3.15754  		2.94223  		3.24818  		5.48324  		6.07258  		5.51607  		6.11452  		1.32053  		1.67251  		2.13309  		1.86046  		1.68209  		2.95728  		1.18023  		1.24866  		1.27368  		1.15149  		1.25777  		1.33832  		1.0      
6.6563   		3.43171  		3.22459  		3.43171  		3.32421  		3.52661  		3.41502  		6.64665  		6.40225  		6.67955  		6.44426  		1.73929  		2.20836  		2.68715  		1.87165  		2.21962  		2.9782   		1.16423  		1.36069  		1.74404  		1.03415  		1.09013  		1.12677  		1.0      
6.04126  		3.05108  		2.99018  		3.05108  		3.0898   		3.14597  		3.18061  		5.88616  		5.93407  		5.91906  		5.97609  		1.73929  		2.20836  		2.68715  		1.87165  		2.21962  		2.9782   		1.10287  		1.23641  		1.61976  		1.00009  		0.999624 		1.03625  		1.0      
5.47438  		2.67539  		2.79899  		2.67539  		2.89841  		2.77011  		2.98905  		5.13867  		5.55384  		5.1715   		5.59578  		1.39959  		1.77582  		2.23641  		1.86046  		1.78541  		2.95728  		1.05884  		1.08486  		1.17456  		1.0315   		1.0391   		1.02266  		1.0      
5.35577  		2.60415  		2.75162  		2.60415  		2.85104  		2.69887  		2.94169  		4.99638  		5.45925  		5.02921  		5.50119  		1.39306  		1.76928  		2.22986  		1.86046  		1.77888  		2.95728  		1.06634  		1.06549  		1.13483  		1.01401  		1.00755  		0.993727 		1.0      
2.20249  		1.1771   		1.02539  		1.1771   		1.09205  		1.20933  		1.12296  		2.25453  		2.07553  		2.26566  		2.08986  		0.400535 		0.561026 		0.69844  		0.590651 		0.56049  		0.85298  		0.437873 		0.538954 		0.641513 		0.384233 		0.453975 		0.524662 		1.0      
6.83167  		3.49559  		3.33608  		3.49559  		3.4357   		3.59048  		3.52651  		6.77462  		6.6254   		6.80752  		6.66741  		1.73929  		2.20836  		2.68715  		1.87165  		2.21962  		2.9782   		1.25705  		1.47373  		1.85708  		1.14387  		1.23762  		1.3245   		1.0      
6.22349  		3.13814  		3.08534  		3.13814  		3.18496  		3.23304  		3.27577  		6.06019  		6.1243   		6.09309  		6.16632  		1.73929  		2.20836  		2.68715  		1.87165  		2.21962  		2.9782   		1.09101  		1.26712  		1.65047  		1.0394   		1.06757  		1.12279  		1.0      
4.19981  		2.11309  		2.08672  		2.11309  		2.18005  		2.20226  		2.26555  		4.03458  		4.14136  		4.06537  		4.18101  		1.08542  		1.24803  		1.46938  		1.48615  		1.23569  		2.21755  		1.09941  		1.1925   		1.22364  		1.07517  		1.16222  		1.23455  		1.0      
6.26843  		2.96891  		3.29952  		2.96891  		3.39895  		3.06362  		3.48959  		5.72589  		6.55461  		5.75872  		6.59655  		1.30793  		1.62282  		2.08339  		1.86046  		1.6324   		2.95728  		1.21877  		1.3691   		1.41516  		1.19983  		1.31083  		1.41272  		1.0      
5.87114  		2.85979  		3.01135  		2.85979  		3.11077  		2.95451  		3.20141  		5.50678  		5.97761  		5.53961  		6.01955  		1.35573  		1.78806  		2.24863  		1.86046  		1.79766  		2.95728  		1.08768  		1.15961  		1.24096  		1.05059  		1.06874  		1.06599  		1.0      
5.86339  		2.85049  		3.0129   		2.85049  		3.11232  		2.9452   		3.20297  		5.48817  		5.98073  		5.521    		6.02267  		1.35573  		1.78806  		2.24863  		1.86046  		1.79766  		2.95728  		1.10686  		1.17885  		1.26019  		1.04168  		1.0509   		1.04816  		1.0      
6.98498  		3.57707  		3.40791  		3.57707  		3.50752  		3.67197  		3.59833  		6.93718  		6.76872  		6.97008  		6.81073  		1.73929  		2.20836  		2.68715  		1.87165  		2.21962  		2.9782   		1.19766  		1.48941  		1.87276  		1.07883  		1.16006  		1.2204   		1.0      
6.22606  		3.15682  		3.06924  		3.15682  		3.16886  		3.25171  		3.25967  		6.09739  		6.09203  		6.13029  		6.13404  		1.73929  		2.20836  		2.68715  		1.87165  		2.21962  		2.9782   		1.1044   		1.29201  		1.67537  		0.998197 		1.01569  		1.059    		1.0      
5.85233  		2.84564  		3.00669  		2.84564  		3.10611  		2.94035  		3.19676  		5.47849  		5.96833  		5.51132  		6.01027  		1.35573  		1.78806  		2.24863  		1.86046  		1.79766  		2.95728  		1.10688  		1.17252  		1.25388  		1.04167  		1.04542  		1.03788  		1.0      
6.23036  		3.09258  		3.13779  		3.09258  		3.2374   		3.18747  		3.32821  		5.969    		6.22916  		6.00189  		6.27117  		1.73929  		2.20836  		2.68715  		1.87165  		2.21962  		2.9782   		1.11877  		1.28323  		1.66658  		1.07427  		1.07898  		1.08542  		1.0      
1.96896  		1.05283  		0.91613  		1.05283  		0.982796 		1.08506  		1.01371  		2.00649  		1.85713  		2.01762  		1.87147  		0.38337  		0.543861 		0.681274 		0.590651 		0.543325 		0.85298  		0.423253 		0.478581 		0.554374 		0.374064 		0.431722 		0.494895 		1.0      
5.9836   		2.93046  		3.05314  		2.93046  		3.15256  		3.02518  		3.2432   		5.6478   		6.06108  		5.68063  		6.10302  		1.47439  		1.9067   		2.36727  		1.86046  		1.91631  		2.95728  		1.15248  		1.19444  		1.30261  		1.08772  		1.12695  		1.14991  		1.0      
7.31738  		3.71318  		3.6042   		3.71318  		3.70382  		3.80808  		3.79463  		7.20938  		7.16127  		7.24228  		7.20328  		1.73929  		2.20836  		2.68715  		1.87165  		2.21962  		2.9782   		1.29455  		1.60826  		1.99161  		1.17448  		1.31258  		1.41482  		1.0      
6.67124  		3.42923  		3.242    		3.42923  		3.34162  		3.52413  		3.43243  		6.64202  		6.43733  		6.67491  		6.47934  		1.73929  		2.20836  		2.68715  		1.87165  		2.21962  		2.9782   		1.2416   		1.42549  		1.80884  		1.13358  		1.21535  		1.29473  		1.0      
5.91796  		2.98676  		2.9312   		2.98676  		3.03081  		3.08166  		3.12162  		5.75773  		5.8163   		5.79062  		5.85832  		1.73929  		2.20836  		2.68715  		1.87165  		2.21962  		2.9782   		1.14719  		1.20231  		1.58566  		1.08265  		1.07335  		1.07937  		1.0      
5.73142  		2.895    		2.83642  		2.895    		2.93603  		2.98989  		3.02684  		5.57414  		5.62669  		5.60703  		5.66871  		1.73929  		2.20836  		2.68715  		1.87165  		2.21962  		2.9782   		1.01969  		1.0748   		1.45816  		1.02229  		0.98388  		0.958322 		1.0      
4.19981  		2.11309  		2.08672  		2.11309  		2.18005  		2.20226  		2.26555  		4.03458  		4.14136  		4.06537  		4.18101  		1.08542  		1.24803  		1.46938  		1.48615  		1.23569  		2.21755  		1.09941  		1.1925   		1.22364  		1.07517  		1.16222  		1.23455  		1.0      
6.82461  		3.51071  		3.3139   		3.51071  		3.41352  		3.60561  		3.50433  		6.80457  		6.58078  		6.83747  		6.62279  		1.73929  		2.20836  		2.68715  		1.87165  		2.21962  		2.9782   		1.18205  		1.44113  		1.82448  		1.06864  		1.13776  		1.19029  		1.0      
6.23925  		3.05491  		3.18433  		3.05491  		3.28375  		3.14963  		3.3744   		5.89734  		6.32433  		5.93017  		6.36627  		1.29923  		1.629    		2.08957  		1.86046  		1.63859  		2.95728  		1.22378  		1.43035  		1.53868  		1.18412  		1.29449  		1.36683  		1.0      
6.82461  		3.51071  		3.3139   		3.51071  		3.41352  		3.60561  		3.50433  		6.80457  		6.58078  		6.83747  		6.62279  		1.73929  		2.20836  		2.68715  		1.87165  		2.21962  		2.9782   		1.18205  		1.44113  		1.82448  		1.06864  		1.13776  		1.19029  		1.0      
7.10149  		3.60198  		3.49951  		3.60198  		3.59912  		3.69688  		3.68993  		6.98735  		6.95211  		7.02025  		6.99412  		1.73929  		2.20836  		2.68715  		1.87165  		2.21962  		2.9782   		1.39593  		1.70272  		2.08607  		1.16378  		1.24114  		1.37217  		1.0      
6.61747  		3.3434   		3.27407  		3.3434   		3.37369  		3.43829  		3.4645   		6.47034  		6.50128  		6.50324  		6.5433   		1.73929  		2.20836  		2.68715  		1.87165  		2.21962  		2.9782   		1.20049  		1.48083  		1.86418  		1.0731   		1.12496  		1.19529  		1.0      
5.42136  		2.60389  		2.81747  		2.60389  		2.91689  		2.6986   		3.00753  		4.99809  		5.59352  		5.03092  		5.63546  		1.27927  		1.51335  		1.82025  		1.86046  		1.52238  		2.95728  		1.30854  		1.46663  		1.49478  		1.19107  		1.23698  		1.34624  		1.0      
6.84018  		3.48178  		3.3584   		3.48178  		3.45801  		3.57668  		3.54882  		6.74697  		6.66989  		6.77987  		6.7119   		1.73929  		2.20836  		2.68715  		1.87165  		2.21962  		2.9782   		1.2571   		1.55459  		1.93795  		1.10794  		1.16081  		1.26011  		1.0      
5.23505  		2.5089   		2.72616  		2.5089   		2.82558  		2.60361  		2.91622  		4.80882  		5.41151  		4.84165  		5.45345  		1.27927  		1.44335  		1.75026  		1.86046  		1.46665  		2.95728  		1.29489  		1.45296  		1.48112  		1.17741  		1.22327  		1.3326   		1.0      
5.9738   		3.03082  		2.94299  		3.03082  		3.04261  		3.12571  		3.13342  		5.84568  		5.83975  		5.87857  		5.88176  		1.73929  		2.20836  		2.68715  		1.87165  		2.21962  		2.9782   		1.06583  		1.13264  		1.51599  		1.04499  		1.04783  		1.03051  		1.0      
3.87157  		2.04336  		1.8282   		2.04336  		1.91644  		2.12785  		1.9976   		3.90413  		3.62623  		3.9332   		3.66395  		1.15627  		1.26212  		1.36167  		1.4088   		1.25945  		2.11296  		1.13011  		1.224    		1.36287  		1.0437   		1.09597  		1.13768  		1.0      
4.70891  		2.27424  		2.43466  		2.27424  		2.53408  		2.36896  		2.62473  		4.34035  		4.82902  		4.37318  		4.87096  		1.25876  		1.36959  		1.61926  		1.86046  		1.35401  		2.95728  		1.0936   		1.23966  		1.26919  		1.0996   		1.12003  		1.16489  		1.0      
7.57667  		3.91055  		3.66612  		3.91055  		3.76574  		4.00544  		3.85655  		7.60411  		7.28512  		7.63701  		7.32713  		1.73929  		2.20836  		2.68715  		1.87165  		2.21962  		2.9782   		1.41583  		1.72198  		2.10533  		1.2031   		1.3553   		1.51315  		1.0      
0.537581 		0.199374 		0.338207 		0.199374 		0.304874 		0.16733  		0.274056 		0.455569 		0.673812 		0.444565 		0.659472 		0.0213774		0.0513651		0.153584 		-0.103668		0.0939472		-0.0512097		-0.0948527		0.00985644		0.0105286		-0.143724		-0.0885936		-0.0749334		1.0      
6.28194  		3.24862  		3.03332  		3.24862  		3.13293  		3.34352  		3.22374  		6.28124  		6.0204   		6.31413  		6.06241  		1.73929  		2.20836  		2.68715  		1.87165  		2.21962  		2.9782   		1.1171   		1.19609  		1.57944  		1.05746  		1.05126  		1.08168  		1.0      
6.43841  		3.14292  		3.29549  		3.14292  		3.39491  		3.23764  		3.48555  		6.07341  		6.54644  		6.10625  		6.58838  		1.40681  		1.78587  		2.24646  		1.86046  		1.79547  		2.95728  		1.31132  		1.46101  		1.50036  		1.23256  		1.35679  		1.48514  		1.0      
6.03719  		3.06406  		2.97313  		3.06406  		3.07275  		3.15895  		3.16356  		5.9122   		5.90005  		5.9451   		5.94206  		1.73929  		2.20836  		2.68715  		1.87165  		2.21962  		2.9782   		1.13643  		1.24256  		1.62591  		1.01849  		1.03382  		1.04069  		1.0      
7.1818   		3.66235  		3.51945  		3.66235  		3.61887  		3.75706  		3.70952  		7.1084   		6.99217  		7.14123  		7.03411  		1.74863  		2.22264  		2.68322  		1.86046  		2.23223  		2.95728  		1.31935  		1.68855  		2.02613  		1.17414  		1.28509  		1.37711  		1.0      
2.78938  		1.46689  		1.32249  		1.46689  		1.32249  		1.46689  		1.32249  		2.91306  		2.61983  		2.91306  		2.61983  		0.997015 		1.18363  		1.33536  		0.801065 		1.16896  		1.24428  		0.660173 		0.752692 		1.01681  		0.535009 		0.616768 		0.67343  		1.0      
5.75998  		2.85691  		2.90307  		2.85691  		3.00249  		2.95162  		3.09313  		5.50056  		5.76074  		5.53339  		5.80268  		1.47253  		1.90483  		2.36541  		1.86046  		1.91445  		2.95728  		1.04636  		1.18407  		1.28138  		0.963958 		0.968357 		0.926167 		1.0      
6.13717  		3.02184  		3.11532  		3.02184  		3.21474  		3.11656  		3.30539  		5.83052  		6.18515  		5.86335  		6.22709  		1.46273  		1.89504  		2.35561  		1.86046  		1.90465  		2.95728  		1.19163  		1.41336  		1.46724  		1.09837  		1.15561  		1.19189  		1.0      
5.85375  		2.88555  		2.9682   		2.88555  		3.06762  		2.98027  		3.15826  		5.558    		5.89104  		5.59083  		5.93298  		1.46273  		1.89504  		2.35561  		1.86046  		1.90465  		2.95728  		1.06415  		1.20179  		1.25568  		1.0379   		1.04624  		1.0379   		1.0      
5.02215  		2.53114  		2.49101  		2.53114  		2.59063  		2.62603  		2.68144  		4.8468   		4.93617  		4.87969  		4.97819  		1.73929  		2.20836  		2.68715  		1.87165  		2.21962  		2.9782   		0.924676 		0.909735 		1.29309  		0.862975 		0.778055 		0.687598 		1.0      
5.45967  		2.66467  		2.795    		2.66467  		2.89442  		2.75939  		2.98506  		5.11681  		5.54482  		5.14964  		5.58676  		1.35573  		1.78806  		2.24863  		1.86046  		1.79766  		2.95728  		1.01822  		1.1559   		1.17067  		0.920845 		0.892044 		0.811508 		1.0      
5.44861  		2.65936  		2.78925  		2.65936  		2.88867  		2.75408  		2.97931  		5.1062   		5.53335  		5.13903  		5.57528  		1.35573  		1.78806  		2.24863  		1.86046  		1.79766  		2.95728  		1.0182   		1.14958  		1.16436  		0.920829 		0.886576 		0.801264 		1.0      
6.95342  		3.58629  		3.36713  		3.58629  		3.46675  		3.68119  		3.55756  		6.95557  		6.6871   		6.98847  		6.72912  		1.73929  		2.20836  		2.68715  		1.87165  		2.21962  		2.9782   		1.23621  		1.59147  		1.97483  		1.04454  		1.11717  		1.17384  		1.0      
5.90634  		2.91175  		2.99459  		2.91175  		3.09401  		3.00646  		3.18465  		5.6103   		5.94382  		5.64313  		5.98576  		1.47688  		1.9092   		2.36976  		1.86046  		1.91879  		2.95728  		1.06415  		1.20182  		1.26281  		1.05742  		1.06584  		1.06891  		1.0      
5.63584  		2.91581  		2.72003  		2.91581  		2.81965  		3.0107   		2.91046  		5.61574  		5.394    		5.64863  		5.43602  		1.73929  		2.20836  		2.68715  		1.87165  		2.21962  		2.9782   		0.942825 		0.928769 		1.31212  		0.941783 		0.900352 		0.833843 		1.0      
5.20193  		2.61178  		2.59015  		2.61178  		2.68977  		2.70667  		2.78058  		5.00795  		5.13433  		5.04084  		5.17635  		1.73929  		2.20836  		2.68715  		1.87165  		2.21962  		2.9782   		0.957261 		0.953754 		1.33711  		0.882449 		0.814037 		0.756025 		1.0      
5.11635  		2.55043  		2.56591  		2.55043  		2.66553  		2.64533  		2.75634  		4.88538  		5.08592  		4.91828  		5.12793  		1.73929  		2.20836  		2.68715  		1.87165  		2.21962  		2.9782   		0.946877 		0.931936 		1.31529  		0.8825   		0.803939 		0.745924 		1.0      
5.7996   		2.80806  		2.99154  		2.80806  		3.09096  		2.90277  		3.1816   		5.40309  		5.93767  		5.43592  		5.9796   		1.44922  		1.88155  		2.34211  		1.86046  		1.89114  		2.95728  		1.03969  		1.19629  		1.25725  		1.01071  		1.01561  		0.990819 		1.0      
7.04733  		3.59031  		3.45701  		3.59031  		3.55663  		3.68521  		3.64744  		6.96401  		6.86717  		6.99691  		6.90918  		1.73929  		2.20836  		2.68715  		1.87165  		2.21962  		2.9782   		1.39596  		1.69051  		2.07386  		1.1642   		1.2418   		1.35357  		1.0      
7.0364   		3.58258  		3.45382  		3.58258  		3.55343  		3.67748  		3.64424  		6.94861  		6.86082  		6.9815   		6.90283  		1.73929  		2.20836  		2.68715  		1.87165  		2.21962  		2.9782   		1.39517  		1.68045  		2.0638   		1.17947  		1.26055  		1.38947  		1.0      
4.70056  		2.3089   		2.39166  		2.3089   		2.49108  		2.40362  		2.58172  		4.40946  		4.7432   		4.44229  		4.78514  		1.25876  		1.38385  		1.63352  		1.86046  		1.35401  		2.95728  		1.09046  		1.22783  		1.25734  		1.09694  		1.12713  		1.17023  		1.0      
5.98786  		3.057    		2.93086  		3.057    		3.03048  		3.1519   		3.12129  		5.89802  		5.81547  		5.93091  		5.85748  		1.73929  		2.20836  		2.68715  		1.87165  		2.21962  		2.9782   		1.05324  		1.12945  		1.5128   		1.0187   		1.0232   		0.997801 		1.0      
6.2678   		3.27279  		2.99501  		3.27279  		3.09463  		3.36768  		3.18544  		6.32939  		5.94383  		6.36228  		5.98585  		1.73929  		2.20836  		2.68715  		1.87165  		2.21962  		2.9782   		1.13248  		1.28191  		1.66526  		1.05009  		1.06735  		1.08398  		1.0      
6.00108  		3.0553   		2.94578  		3.0553   		3.0454   		3.15019  		3.13621  		5.89463  		5.84533  		5.92753  		5.88734  		1.73929  		2.20836  		2.68715  		1.87165  		2.21962  		2.9782   		1.06583  		1.13264  		1.51599  		1.05131  		1.05691  		1.04531  		1.0      
6.82802  		3.48243  		3.34559  		3.48243  		3.44521  		3.57733  		3.53602  		6.74827  		6.64432  		6.78117  		6.68634  		1.73929  		2.20836  		2.68715  		1.87165  		2.21962  		2.9782   		1.25721  		1.54242  		1.92577  		1.10775  		1.16079  		1.25994  		1.0      
6.63738  		3.37485  		3.26253  		3.37485  		3.36215  		3.46974  		3.45296  		6.53322  		6.47824  		6.56612  		6.52026  		1.73929  		2.20836  		2.68715  		1.87165  		2.21962  		2.9782   		1.20373  		1.47179  		1.85514  		1.10221  		1.15532  		1.22735  		1.0      
6.08474  		3.16489  		2.91985  		3.16489  		3.01947  		3.25978  		3.11028  		6.1137   		5.79353  		6.1466   		5.83554  		1.73929  		2.20836  		2.68715  		1.87165  		2.21962  		2.9782   		1.07894  		1.21126  		1.59461  		1.04453  		1.06183  		1.05128  		1.0      
5.22212  		2.5088   		2.71332  		2.5088   		2.81274  		2.60351  		2.90338  		4.80862  		5.3861   		4.84145  		5.42804  		1.27927  		1.44335  		1.75026  		1.86046  		1.46665  		2.95728  		1.29489  		1.44079  		1.46894  		1.19942  		1.25234  		1.36162  		1.0      
5.33454  		2.62843  		2.7061   		2.62843  		2.80552  		2.72315  		2.89617  		5.04604  		5.36951  		5.07887  		5.41144  		1.17447  		1.44365  		1.90423  		1.86046  		1.45325  		2.95728  		1.1555   		1.25658  		1.20137  		1.06474  		1.14147  		1.1907   		1.0      
5.64237  		2.88754  		2.75483  		2.88754  		2.85445  		2.98244  		2.94526  		5.55928  		5.46357  		5.59217  		5.50558  		1.73929  		2.20836  		2.68715  		1.87165  		2.21962  		2.9782   		0.952086 		0.978771 		1.36212  		0.972077 		0.943541 		0.905263 		1.0      
6.79808  		3.49807  		3.30001  		3.49807  		3.39963  		3.59297  		3.49044  		6.77912  		6.55283  		6.81201  		6.59485  		1.73929  		2.20836  		2.68715  		1.87165  		2.21962  		2.9782   		1.14011  		1.49538  		1.87873  		1.00194  		1.05948  		1.08821  		1.0      
5.88266  		3.00919  		2.87347  		3.00919  		2.97309  		3.10408  		3.0639   		5.80264  		5.70097  		5.83553  		5.74299  		1.73929  		2.20836  		2.68715  		1.87165  		2.21962  		2.9782   		1.09833  		1.08441  		1.46776  		1.05545  		1.05544  		1.0436   		1.0      
5.65327  		2.75955  		2.89372  		2.75955  		2.99314  		2.85427  		3.08378  		5.30726  		5.74322  		5.3401   		5.78516  		1.29923  		1.629    		2.08957  		1.86046  		1.63859  		2.95728  		1.15296  		1.36295  		1.34724  		1.04929  		1.09038  		1.09851  		1.0      
6.76912  		3.48774  		3.28138  		3.48774  		3.38099  		3.58263  		3.4718   		6.75841  		6.51556  		6.79131  		6.55757  		1.73929  		2.20836  		2.68715  		1.87165  		2.21962  		2.9782   		1.14323  		1.49854  		1.88189  		1.00437  		1.04732  		1.06435  		1.0      
5.459    		2.65939  		2.79962  		2.65939  		2.89904  		2.7541   		2.98968  		5.10626  		5.55408  		5.13909  		5.59602  		1.35573  		1.78806  		2.24863  		1.86046  		1.79766  		2.95728  		1.0182   		1.14958  		1.16436  		0.931204 		0.896972 		0.811683 		1.0      
6.76912  		3.48774  		3.28138  		3.48774  		3.38099  		3.58263  		3.4718   		6.75841  		6.51556  		6.79131  		6.55757  		1.73929  		2.20836  		2.68715  		1.87165  		2.21962  		2.9782   		1.14323  		1.49854  		1.88189  		1.00437  		1.04732  		1.06435  		1.0      
5.96723  		3.02216  		2.94507  		3.02216  		3.04469  		3.11705  		3.1355   		5.82842  		5.84393  		5.86131  		5.88594  		1.73929  		2.20836  		2.68715  		1.87165  		2.21962  		2.9782   		1.14402  		1.1764   		1.55975  		1.06366  		1.08237  		1.09426  		1.0      
5.93837  		3.03695  		2.90142  		3.03695  		3.00104  		3.13184  		3.09185  		5.85783  		5.75655  		5.89073  		5.79856  		1.73929  		2.20836  		2.68715  		1.87165  		2.21962  		2.9782   		1.11655  		1.17259  		1.55594  		1.00664  		1.02874  		0.990774 		1.0      
5.80997  		2.80807  		3.0019   		2.80807  		3.10132  		2.90278  		3.19196  		5.40311  		5.95838  		5.43594  		6.00032  		1.44922  		1.88155  		2.34211  		1.86046  		1.89114  		2.95728  		1.03969  		1.19629  		1.25725  		1.02107  		1.02598  		1.00122  		1.0      
5.47004  		2.66472  		2.80531  		2.66472  		2.90473  		2.75944  		2.99538  		5.11691  		5.56545  		5.14974  		5.60739  		1.35573  		1.78806  		2.24863  		1.86046  		1.79766  		2.95728  		1.01822  		1.1559   		1.17067  		0.931186 		0.902406 		0.821886 		1.0      
5.18793  		2.61178  		2.57616  		2.61178  		2.67577  		2.70667  		2.76658  		5.00794  		5.1064   		5.04084  		5.14841  		1.73929  		2.20836  		2.68715  		1.87165  		2.21962  		2.9782   		0.932896 		0.929389 		1.31274  		0.892951 		0.824643 		0.742273 		1.0      
5.73991  		2.9347   		2.80521  		2.9347   		2.90483  		3.02959  		2.99564  		5.65359  		5.5644   		5.68649  		5.60641  		1.73929  		2.20836  		2.68715  		1.87165  		2.21962  		2.9782   		0.973973 		0.96003  		1.34338  		1.01712  		0.989047 		0.958538 		1.0      
