origin_200 mse:22.632150611768346 ,acc=1.0
odd_0_200 : mse=4.1760145983373445 ,acc=0.99375
even_0_200 : mse=3.9955465420573533 ,acc=1.0
odd_1_200 : mse=4.1760145983373445 ,acc=0.99375
even_1_200 : mse=4.371603177212956 ,acc=1.0
odd_3_200 : mse=4.5440855443915185 ,acc=0.99375
even_3_200 : mse=4.732061016845927 ,acc=1.0
k+1_odd_1_200 : mse=21.229903826727572 ,acc=1.0
k+1_even_1_200 : mse=21.83624193015853 ,acc=1.0
k+1_odd_3_200 : mse=21.51203573080849 ,acc=0.99375
k+1_even_3_200 : mse=22.210208093650664 ,acc=1.0
OOitr_30_100_3 : mse=0.6667791858641868 ,acc=0.9875
	30 is chosen from 100 trees
OOitr_40_100_3 : mse=1.2288695283686804 ,acc=0.9875
	40 is chosen from 100 trees
OOitr_50_100_3 : mse=2.155161451443025 ,acc=1.0
	50 is chosen from 100 trees
OOitr_30_66_5 : mse=1.0280462354123472 ,acc=0.9875
	30 is chosen from 66 trees
OOitr_40_100_5 : mse=1.279124771223229 ,acc=0.9875
	40 is chosen from 100 trees
OOitr_50_66_5 : mse=3.712457112953713 ,acc=0.99375
	50 is chosen from 66 trees
OOitr_30_140_3 : mse=0.30950740578388225 ,acc=0.9875
	30 is chosen from 140 trees
OOitr_40_140_3 : mse=0.42410085207781273 ,acc=0.99375
	40 is chosen from 140 trees
OOitr_50_140_3 : mse=0.6822196082588814 ,acc=0.99375
	50 is chosen from 140 trees
OOitr_30_200_5 : mse=0.28516299875440654 ,acc=0.9875
	30 is chosen from 200 trees
OOitr_40_200_5 : mse=0.3181631451092353 ,acc=0.9875
	40 is chosen from 200 trees
OOitr_50_200_5 : mse=0.36943647000101015 ,acc=0.9875
	50 is chosen from 200 trees

origin   		odd_0    		even_0   		odd_1    		even_1   		odd_3    		even_3   		k+1 odd_1		k+1 even_1		k+1 odd_3		k+1 even_3		oo_15    		oo_20    		oo_25    		oo_15    		oo_20    		oo_25    		oo_15_1  		oo_20_2  		oo_25_3  		oo_15_4  		oo_20_5  		oo_25_6  		label
-3.36798 		-1.60236 		-1.76563 		-1.60236 		-1.85654 		-1.6891  		-1.93961 		-3.02722 		-3.50781 		-3.05723 		-3.54655 		-1.00851 		-1.07585 		-1.2384  		-1.241   		-1.12886 		-1.90512 		-0.834321		-0.910608		-1.03513 		-0.904147		-0.956346		-0.99944 		0.0      
-4.77642 		-2.42308 		-2.35334 		-2.42308 		-2.44425 		-2.50982 		-2.52732 		-4.65313 		-4.66926 		-4.68314 		-4.708   		-1.40413 		-1.64119 		-1.94723 		-1.54641 		-1.66447 		-2.49885 		-1.0867  		-1.22119 		-1.36585 		-1.02536 		-1.08457 		-1.08411 		0.0      
-4.77642 		-2.42308 		-2.35334 		-2.42308 		-2.44425 		-2.50982 		-2.52732 		-4.65313 		-4.66926 		-4.68314 		-4.708   		-1.40413 		-1.64119 		-1.94723 		-1.54641 		-1.66447 		-2.49885 		-1.0867  		-1.22119 		-1.36585 		-1.02536 		-1.08457 		-1.08411 		0.0      
-2.65485 		-1.34145 		-1.3134  		-1.34145 		-1.40431 		-1.4282  		-1.48738 		-2.50047 		-2.59978 		-2.53048 		-2.63852 		-1.05888 		-1.09037 		-1.09242 		-1.19884 		-1.09004 		-1.82501 		-0.994012		-0.942208		-0.94846 		-0.951421		-0.975006		-0.965248		0.0      
-4.55102 		-2.32233 		-2.22869 		-2.32233 		-2.31959 		-2.40908 		-2.40267 		-4.45181 		-4.42031 		-4.48183 		-4.45904 		-1.37843 		-1.61548 		-1.92278 		-1.54767 		-1.63877 		-2.50011 		-1.05712 		-1.13842 		-1.26854 		-0.986234		-1.03884 		-1.01397 		0.0      
-4.70968 		-2.35694 		-2.35273 		-2.35694 		-2.4502  		-2.44988 		-2.5392  		-4.50871 		-4.66659 		-4.54087 		-4.70808 		-1.37721 		-1.61432 		-1.8709  		-1.54077 		-1.61794 		-2.50659 		-1.04361 		-1.08731 		-1.21048 		-1.0225  		-1.04486 		-1.07357 		0.0      
-4.78172 		-2.38334 		-2.39838 		-2.38334 		-2.49585 		-2.47627 		-2.58485 		-4.56158 		-4.75733 		-4.59374 		-4.79883 		-1.37693 		-1.62014 		-1.8494  		-1.60387 		-1.62375 		-2.56969 		-1.09199 		-1.12422 		-1.24739 		-1.05217 		-1.10452 		-1.14564 		0.0      
-4.22699 		-1.97842 		-2.24857 		-1.97842 		-2.34413 		-2.06961 		-2.43151 		-3.76111 		-4.46082 		-3.79263 		-4.50159 		-1.23746 		-1.41513 		-1.57371 		-1.46154 		-1.47471 		-2.26477 		-1.04182 		-1.0977  		-1.24207 		-1.11068 		-1.16562 		-1.21531 		0.0      
-3.54887 		-1.69559 		-1.85328 		-1.69559 		-1.9379  		-1.77675 		-2.01596 		-3.21231 		-3.67002 		-3.24016 		-3.70661 		-1.13821 		-1.28751 		-1.40814 		-1.40304 		-1.29558 		-2.20924 		-0.947251		-0.956185		-1.05003 		-1.00744 		-1.00246 		-1.01913 		0.0      
-5.3474  		-2.61854 		-2.72886 		-2.61854 		-2.82633 		-2.71148 		-2.91532 		-5.03029 		-5.41607 		-5.06245 		-5.45757 		-1.5098  		-1.7715  		-2.11693 		-1.6519  		-1.7991  		-2.66468 		-1.1537  		-1.29765 		-1.56547 		-1.09375 		-1.10902 		-1.18312 		0.0      
-5.31314 		-2.59851 		-2.71463 		-2.59851 		-2.8121  		-2.69145 		-2.90109 		-4.98997 		-5.3871  		-5.02213 		-5.4286  		-1.49961 		-1.80277 		-2.12089 		-1.715   		-1.83037 		-2.72778 		-1.16777 		-1.31173 		-1.57955 		-1.0808  		-1.11536 		-1.16302 		0.0      
-4.05364 		-1.76981 		-2.28383 		-1.76981 		-2.37939 		-1.86101 		-2.46677 		-3.34848 		-4.53393 		-3.38    		-4.5747  		-1.19256 		-1.40423 		-1.53334 		-1.43058 		-1.48872 		-2.03437 		-1.10638 		-1.08517 		-1.31832 		-1.08242 		-1.12482 		-1.17852 		0.0      
-5.38017 		-2.61025 		-2.76992 		-2.61025 		-2.86739 		-2.70319 		-2.95639 		-5.01377 		-5.49822 		-5.04593 		-5.53971 		-1.50419 		-1.76589 		-2.11132 		-1.6519  		-1.79349 		-2.66468 		-1.14226 		-1.24681 		-1.49516 		-1.08376 		-1.12274 		-1.20491 		0.0      
-4.91425 		-2.31358 		-2.60066 		-2.31358 		-2.69622 		-2.40478 		-2.7836  		-4.42656 		-5.1615  		-4.45808 		-5.20227 		-1.31882 		-1.53699 		-1.74366 		-1.58965 		-1.56209 		-2.54117 		-1.13579 		-1.14867 		-1.32131 		-1.10882 		-1.16954 		-1.20721 		0.0      
-5.43363 		-2.6513  		-2.78233 		-2.6513  		-2.8798  		-2.74423 		-2.9688  		-5.09582 		-5.52304 		-5.12798 		-5.56453 		-1.50419 		-1.76589 		-2.11132 		-1.6519  		-1.79349 		-2.66468 		-1.15526 		-1.26336 		-1.51172 		-1.08376 		-1.13488 		-1.22945 		0.0      
-4.59528 		-2.32905 		-2.26623 		-2.32905 		-2.35228 		-2.41114 		-2.43855 		-4.46717 		-4.48938 		-4.49035 		-4.53369 		-1.39459 		-1.68865 		-2.01438 		-1.56395 		-1.67699 		-2.38152 		-1.07239 		-1.14462 		-1.3033  		-0.973739		-0.981514		-1.01285 		0.0      
-1.69634 		-0.919887		-0.776449		-0.919887		-0.851449		-0.992152		-0.921219		-1.70666 		-1.54017 		-1.73128 		-1.57301 		-0.678965		-0.74068 		-0.818851		-0.858192		-0.845725		-1.19546 		-0.574919		-0.623943		-0.669199		-0.679323		-0.681451		-0.714541		0.0      
-3.26456 		-1.72374 		-1.54082 		-1.72374 		-1.62653 		-1.80591 		-1.70554 		-3.2809  		-3.06144 		-3.30912 		-3.09845 		-1.02128 		-1.17088 		-1.36624 		-1.2117  		-1.20784 		-1.71252 		-0.834667		-0.912146		-1.01941 		-0.877878		-0.892589		-0.966035		0.0      
-3.26456 		-1.72374 		-1.54082 		-1.72374 		-1.62653 		-1.80591 		-1.70554 		-3.2809  		-3.06144 		-3.30912 		-3.09845 		-1.02128 		-1.17088 		-1.36624 		-1.2117  		-1.20784 		-1.71252 		-0.834667		-0.912146		-1.01941 		-0.877878		-0.892589		-0.966035		0.0      
-4.62993 		-2.33976 		-2.29017 		-2.33976 		-2.37622 		-2.42185 		-2.46249 		-4.48859 		-4.53727 		-4.51177 		-4.58158 		-1.39459 		-1.68865 		-2.01438 		-1.56395 		-1.67699 		-2.38152 		-1.0594  		-1.13162 		-1.29031 		-0.994604		-0.997868		-1.0475  		0.0      
-4.67555 		-2.36769 		-2.30786 		-2.36769 		-2.39391 		-2.44978 		-2.48018 		-4.54489 		-4.57322 		-4.56807 		-4.61753 		-1.38029 		-1.70154 		-1.96652 		-1.57229 		-1.67762 		-2.34426 		-1.04599 		-1.1192  		-1.25283 		-1.03342 		-1.06534 		-1.12896 		0.0      
-4.72002 		-2.37188 		-2.34814 		-2.37188 		-2.43418 		-2.45397 		-2.52045 		-4.55324 		-4.65341 		-4.57642 		-4.69772 		-1.3995  		-1.73598 		-2.01098 		-1.57229 		-1.71205 		-2.34426 		-1.04599 		-1.1192  		-1.26244 		-1.03342 		-1.06534 		-1.12896 		0.0      
-3.24989 		-1.53732 		-1.71257 		-1.53732 		-1.80305 		-1.62386 		-1.88612 		-2.89506 		-3.39265 		-2.92487 		-3.43148 		-1.20891 		-1.39741 		-1.58065 		-1.39151 		-1.39942 		-1.82751 		-0.885467		-0.945255		-0.979448		-0.917335		-0.928532		-0.920988		0.0      
-4.49884 		-2.41629 		-2.08255 		-2.41629 		-2.18002 		-2.50923 		-2.26902 		-4.62591 		-4.12644 		-4.65807 		-4.16793 		-1.42541 		-1.74748 		-2.08417 		-1.60798 		-1.75109 		-2.5381  		-0.996408		-1.07359 		-1.09823 		-1.01298 		-0.995397		-1.01581 		0.0      
-3.84549 		-2.18696 		-1.65854 		-2.18696 		-1.74984 		-2.27426 		-1.83362 		-4.18421 		-3.29002 		-4.2143  		-3.32918 		-1.1462  		-1.25151 		-1.43819 		-1.39005 		-1.21816 		-1.97848 		-1.04727 		-1.17573 		-1.15478 		-1.04782 		-1.10868 		-1.15806 		0.0      
-5.70879 		-2.84875 		-2.86004 		-2.84875 		-2.95751 		-2.94169 		-3.04651 		-5.4894  		-5.67872 		-5.52156 		-5.72022 		-1.46689 		-1.78226 		-2.12546 		-1.73431 		-1.80348 		-2.72233 		-1.24408 		-1.39389 		-1.57801 		-1.17288 		-1.24678 		-1.36212 		0.0      
-6.82675 		-3.43766 		-3.38909 		-3.43766 		-3.48465 		-3.52885 		-3.57203 		-6.66809 		-6.73387 		-6.69961 		-6.77464 		-1.55586 		-1.92569 		-2.34883 		-1.79388 		-1.95079 		-2.77643 		-1.28552 		-1.54465 		-1.78911 		-1.21695 		-1.33928 		-1.48375 		0.0      
-3.65853 		-2.00315 		-1.65538 		-2.00315 		-1.74143 		-2.08524 		-1.8277  		-3.82383 		-3.29837 		-3.847   		-3.34268 		-1.11086 		-1.3288  		-1.52587 		-1.20736 		-1.38616 		-1.83246 		-0.838181		-0.9422  		-1.09043 		-0.848675		-0.886235		-0.941745		0.0      
-4.48368 		-2.18891 		-2.29477 		-2.18891 		-2.38048 		-2.27109 		-2.45949 		-4.20064 		-4.55464 		-4.22886 		-4.59165 		-1.14727 		-1.35335 		-1.54379 		-1.34541 		-1.34296 		-2.08572 		-1.07383 		-1.20728 		-1.34292 		-1.05257 		-1.15041 		-1.26426 		0.0      
-4.74309 		-2.40764 		-2.33545 		-2.40764 		-2.4215  		-2.48973 		-2.50777 		-4.62373 		-4.62744 		-4.64691 		-4.67175 		-1.39459 		-1.68865 		-2.04341 		-1.59298 		-1.69156 		-2.45444 		-1.06715 		-1.13938 		-1.29806 		-0.997433		-1.00523 		-1.05486 		0.0      
-1.73377 		-0.928595		-0.805172		-0.928595		-0.880172		-1.00086 		-0.949942		-1.72383 		-1.59762 		-1.74845 		-1.63045 		-0.678965		-0.74068 		-0.818852		-0.858192		-0.845725		-1.19546 		-0.582678		-0.631702		-0.676958		-0.675996		-0.674332		-0.713986		0.0      
-3.30199 		-1.73245 		-1.56954 		-1.73245 		-1.65525 		-1.81462 		-1.73426 		-3.29807 		-3.11888 		-3.32628 		-3.15589 		-1.02128 		-1.17088 		-1.36624 		-1.2117  		-1.20784 		-1.71253 		-0.842425		-0.919905		-1.02716 		-0.87455 		-0.88547 		-0.96548 		0.0      
-4.74309 		-2.40764 		-2.33545 		-2.40764 		-2.4215  		-2.48973 		-2.50777 		-4.62373 		-4.62744 		-4.64691 		-4.67175 		-1.39459 		-1.68865 		-2.04341 		-1.59298 		-1.69156 		-2.45444 		-1.06715 		-1.13938 		-1.29806 		-0.997433		-1.00523 		-1.05486 		0.0      
-1.23871 		-0.727464		-0.511244		-0.727464		-0.577911		-0.77575 		-0.624248		-1.34917 		-1.04754 		-1.36582 		-1.0692  		-0.538573		-0.540465		-0.584254		-0.394873		-0.538293		-0.376869		-0.47349 		-0.458831		-0.562273		-0.391225		-0.417117		-0.433908		0.0      
-5.86746 		-2.92225 		-2.94522 		-2.92225 		-3.04268 		-3.01519 		-3.13168 		-5.6364  		-5.84886 		-5.66856 		-5.89036 		-1.50458 		-1.78458 		-2.12778 		-1.73431 		-1.8058  		-2.72233 		-1.26991 		-1.42253 		-1.63581 		-1.20726 		-1.279   		-1.4078  		0.0      
-6.5438  		-3.33475 		-3.20905 		-3.33475 		-3.30461 		-3.42594 		-3.39199 		-6.46443 		-6.37621 		-6.49595 		-6.41698 		-1.49754 		-1.79784 		-2.14572 		-1.71348 		-1.82615 		-2.64107 		-1.35735 		-1.59291 		-1.84403 		-1.27084 		-1.46541 		-1.64612 		0.0      
-4.175   		-2.26726 		-1.90774 		-2.26726 		-1.99905 		-2.35456 		-2.08282 		-4.34124 		-3.78242 		-4.37133 		-3.82157 		-1.18746 		-1.32827 		-1.61173 		-1.53365 		-1.30967 		-2.35384 		-1.01884 		-1.0796  		-1.05864 		-0.994095		-1.00043 		-1.03151 		0.0      
-3.54145 		-1.92438 		-1.61708 		-1.92438 		-1.68374 		-1.97266 		-1.73008 		-3.71639 		-3.2219  		-3.73303 		-3.24355 		-1.04102 		-1.21109 		-1.44686 		-1.11751 		-1.12898 		-1.59935 		-0.808995		-0.935984		-0.952029		-0.7332  		-0.768338		-0.801261		0.0      
-3.74875 		-2.15208 		-1.59667 		-2.15208 		-1.68798 		-2.23938 		-1.77176 		-4.11481 		-3.16639 		-4.1449  		-3.20554 		-1.10728 		-1.25184 		-1.48278 		-1.3747  		-1.28103 		-1.97784 		-0.993424		-1.13965 		-1.14166 		-1.01779 		-1.03832 		-1.0564  		0.0      
7.59762  		3.80285  		3.79476  		3.80285  		3.89438  		3.89775  		3.98519  		7.38803  		7.54172  		7.42091  		7.58402  		1.73632  		2.18392  		2.66902  		1.88617  		2.21497  		2.97618  		1.34552  		1.63968  		2.02866  		1.25218  		1.36875  		1.52699  		1.0      
3.92803  		2.15557  		1.77246  		2.15557  		1.86337  		2.24251  		1.94681  		4.12104  		3.51252  		4.151    		3.55152  		1.2059   		1.40463  		1.68296  		1.32129  		1.39276  		2.03288  		1.05447  		1.03877  		0.993601 		1.0075   		1.09495  		1.10511  		1.0      
7.26442  		3.58123  		3.68318  		3.58123  		3.7826   		3.67595  		3.87325  		6.94677  		7.31947  		6.97959  		7.3617   		1.7196   		2.11525  		2.56657  		1.87426  		2.14567  		2.95496  		1.38143  		1.62648  		1.99066  		1.31926  		1.46582  		1.64352  		1.0      
6.86488  		3.45207  		3.4128   		3.45207  		3.51222  		3.54679  		3.60287  		6.68931  		6.78047  		6.72212  		6.8227   		1.5825   		1.92993  		2.38125  		1.87426  		1.96035  		2.95496  		1.34495  		1.55319  		1.7496   		1.27693  		1.40781  		1.54058  		1.0      
6.5934   		3.35331  		3.24009  		3.35331  		3.33951  		3.44802  		3.43015  		6.4921   		6.43585  		6.52491  		6.47808  		1.53804  		1.89057  		2.34189  		1.87426  		1.92099  		2.95496  		1.32198  		1.48727  		1.60009  		1.26137  		1.40792  		1.52691  		1.0      
4.01415  		2.13792  		1.87623  		2.13792  		1.96714  		2.22486  		2.05058  		4.08532  		3.71889  		4.11528  		3.7579   		1.1907   		1.43401  		1.75131  		1.40922  		1.43441  		2.13768  		0.993048 		1.01319  		0.990901 		0.994671 		1.02105  		1.02975  		1.0      
4.19748  		2.20022  		1.99726  		2.20022  		2.08817  		2.28717  		2.17161  		4.2098   		3.9602   		4.23976  		3.9992   		1.30451  		1.55801  		1.87531  		1.37657  		1.55841  		2.12393  		1.00516  		1.01375  		1.0702   		1.02248  		1.06522  		1.10866  		1.0      
6.90153  		3.47059  		3.43094  		3.47059  		3.53056  		3.56548  		3.62137  		6.72374  		6.81444  		6.75662  		6.85674  		1.73632  		2.18392  		2.66902  		1.88617  		2.21497  		2.97618  		1.19805  		1.36696  		1.75594  		1.16375  		1.22743  		1.34577  		1.0      
4.13301  		2.15805  		1.97496  		2.15805  		2.06246  		2.24186  		2.143    		4.13778  		3.9232   		4.1666   		3.96089  		1.27647  		1.51061  		1.75424  		1.12332  		1.47614  		1.57614  		1.05358  		1.17066  		1.31488  		1.03253  		1.10876  		1.2008   		1.0      
5.79588  		2.91568  		2.8802   		2.91568  		2.97962  		3.01039  		3.07027  		5.6176   		5.71632  		5.65042  		5.75855  		1.53466  		1.8288   		2.28011  		1.87426  		1.85921  		2.95496  		1.12155  		1.16405  		1.28034  		1.13672  		1.20012  		1.26951  		1.0      
3.80683  		1.96602  		1.84081  		1.96602  		1.92831  		2.04983  		2.00884  		3.75162  		3.65184  		3.78043  		3.68954  		1.27364  		1.51614  		1.75975  		1.2111   		1.50184  		1.79949  		0.990381 		1.03285  		1.14919  		0.968672 		1.01067  		1.03942  		1.0      
5.82807  		2.95784  		2.87023  		2.95784  		2.96398  		3.04738  		3.04983  		5.71569  		5.70073  		5.74661  		5.74082  		1.43291  		1.75051  		2.10021  		1.61855  		1.75863  		2.53914  		1.20589  		1.29602  		1.40447  		1.20262  		1.34912  		1.48435  		1.0      
6.46026  		3.25289  		3.20738  		3.25289  		3.307    		3.34778  		3.39781  		6.28864  		6.36763  		6.32152  		6.40994  		1.73632  		2.18392  		2.66902  		1.88617  		2.21497  		2.97618  		1.15278  		1.2904   		1.67938  		1.12083  		1.1615   		1.26051  		1.0      
4.01415  		2.13792  		1.87623  		2.13792  		1.96714  		2.22486  		2.05058  		4.08532  		3.71889  		4.11528  		3.7579   		1.1907   		1.43401  		1.75131  		1.40922  		1.43441  		2.13768  		0.993048 		1.01319  		0.990901 		0.994671 		1.02105  		1.02975  		1.0      
7.8106   		3.94295  		3.86765  		3.94295  		3.96727  		4.03784  		4.05808  		7.66796  		7.68742  		7.70084  		7.72972  		1.73632  		2.18392  		2.66902  		1.88617  		2.21497  		2.97618  		1.38791  		1.69343  		2.08241  		1.27513  		1.43379  		1.59602  		1.0      
6.66541  		3.23175  		3.43365  		3.23175  		3.53327  		3.32665  		3.62408  		6.24666  		6.82011  		6.27954  		6.86242  		1.73632  		2.18392  		2.66902  		1.88617  		2.21497  		2.97618  		1.34082  		1.52857  		1.91755  		1.20215  		1.23807  		1.37476  		1.0      
7.37835  		3.70996  		3.66839  		3.70996  		3.76801  		3.80485  		3.85882  		7.20214  		7.28912  		7.23502  		7.33143  		1.73632  		2.18392  		2.66902  		1.88617  		2.21497  		2.97618  		1.28595  		1.50915  		1.89813  		1.17903  		1.29307  		1.43267  		1.0      
4.29012  		2.3588   		1.93132  		2.3588   		2.02223  		2.44574  		2.10567  		4.52665  		3.83249  		4.55661  		3.87149  		1.31892  		1.56616  		1.67033  		1.28862  		1.5488   		2.07121  		1.19141  		1.27666  		1.55886  		1.04705  		1.08282  		1.16116  		1.0      
4.43613  		2.41692  		2.01921  		2.41692  		2.11012  		2.50387  		2.19356  		4.64252  		4.00726  		4.67248  		4.04626  		1.34247  		1.63508  		1.79153  		1.30329  		1.61773  		2.08588  		1.15526  		1.26911  		1.51583  		1.02486  		1.04766  		1.11468  		1.0      
6.04126  		3.16772  		2.87354  		3.16772  		2.96104  		3.25154  		3.04157  		6.1483   		5.71236  		6.17712  		5.75005  		1.45737  		1.80657  		2.16433  		1.474    		1.8179   		2.19697  		1.26046  		1.52405  		1.80623  		1.17833  		1.32252  		1.44914  		1.0      
5.93508  		3.07397  		2.86111  		3.07397  		2.95486  		3.16351  		3.04071  		5.94847  		5.68523  		5.97939  		5.72532  		1.48616  		1.75191  		2.10294  		1.59692  		1.76003  		2.32217  		1.31061  		1.53651  		1.77946  		1.2267   		1.33801  		1.4777   		1.0      
6.60954  		3.18535  		3.42419  		3.18535  		3.52381  		3.28025  		3.61462  		6.154    		6.80122  		6.18688  		6.84353  		1.73632  		2.18392  		2.66902  		1.88617  		2.21497  		2.97618  		1.29901  		1.45939  		1.84837  		1.16509  		1.19109  		1.30165  		1.0      
4.53616  		2.43332  		2.10284  		2.43332  		2.19374  		2.52026  		2.27719  		4.67583  		4.17435  		4.70579  		4.21335  		1.34249  		1.58607  		1.74251  		1.30329  		1.56872  		2.08588  		1.19128  		1.30514  		1.55564  		1.06134  		1.09642  		1.17475  		1.0      
7.63543  		3.84504  		3.79039  		3.84504  		3.89001  		3.93993  		3.98082  		7.47225  		7.53313  		7.50513  		7.57543  		1.73632  		2.18392  		2.66902  		1.88617  		2.21497  		2.97618  		1.40025  		1.64497  		2.03395  		1.2938   		1.46638  		1.6466   		1.0      
6.74279  		3.25888  		3.48391  		3.25888  		3.58353  		3.35377  		3.67434  		6.30076  		6.92051  		6.33364  		6.96282  		1.73632  		2.18392  		2.66902  		1.88617  		2.21497  		2.97618  		1.2869   		1.47471  		1.86369  		1.17976  		1.19684  		1.34478  		1.0      
6.60954  		3.18535  		3.42419  		3.18535  		3.52381  		3.28025  		3.61462  		6.154    		6.80122  		6.18688  		6.84353  		1.73632  		2.18392  		2.66902  		1.88617  		2.21497  		2.97618  		1.29901  		1.45939  		1.84837  		1.16509  		1.19109  		1.30165  		1.0      
3.57235  		1.97798  		1.59437  		1.97798  		1.68187  		2.06179  		1.7624   		3.78023  		3.16788  		3.80904  		3.20558  		1.38638  		1.64675  		1.74991  		0.958204 		1.62178  		1.26488  		1.0547   		1.1323   		1.37904  		0.945907 		0.978884 		1.04787  		1.0      
4.53238  		2.43338  		2.099    		2.43338  		2.18991  		2.52032  		2.27335  		4.67594  		4.1667   		4.7059   		4.20571  		1.34249  		1.58607  		1.74251  		1.30329  		1.56872  		2.08588  		1.19129  		1.30515  		1.55187  		1.06135  		1.09643  		1.17476  		1.0      
6.94069  		3.48597  		3.45471  		3.48597  		3.55414  		3.58069  		3.64478  		6.7558   		6.8633   		6.78862  		6.90553  		1.65536  		2.07146  		2.53991  		1.87426  		2.10188  		2.95496  		1.29024  		1.47775  		1.72825  		1.22185  		1.32353  		1.41394  		1.0      
0.263818 		-0.0728047		0.336623 		-0.0728047		0.245714 		-0.159549		0.162639 		0.0187421		0.676981 		-0.0112701		0.638245 		-0.280249		-0.0726516		0.0959425		-0.707121		-0.17631 		-0.816161		-0.541114		-0.457922		-0.172646		-0.679193		-0.623465		-0.55066 		1.0      
5.80933  		2.88653  		2.92279  		2.88653  		3.02221  		2.98125  		3.11286  		5.56035  		5.80154  		5.59316  		5.84377  		1.47969  		1.69269  		2.06787  		1.87426  		1.72311  		2.95496  		1.15926  		1.37317  		1.41489  		1.07225  		1.13754  		1.14585  		1.0      
7.1442   		3.65532  		3.48888  		3.65532  		3.5885   		3.75022  		3.67931  		7.09288  		6.93012  		7.12576  		6.97242  		1.73632  		2.18392  		2.66902  		1.88617  		2.21497  		2.97618  		1.26403  		1.58261  		1.97159  		1.17695  		1.28491  		1.39099  		1.0      
0.974949 		0.605114 		0.369835 		0.605114 		0.285835 		0.524846 		0.208899 		1.32875  		0.718981 		1.30102  		0.683074 		-0.148734		-0.0169095		0.138221 		-0.0331784		-0.140239		0.136769 		-0.11215 		0.0751453		0.0390064		-0.24961 		-0.182517		-0.155485		1.0      
5.60556  		2.76961  		2.83595  		2.76961  		2.93537  		2.86433  		3.02601  		5.32776  		5.62804  		5.36058  		5.67027  		1.31101  		1.56584  		1.91169  		1.87426  		1.59625  		2.95496  		1.17875  		1.32735  		1.40157  		1.1282   		1.23643  		1.29898  		1.0      
6.37053  		3.25418  		3.11635  		3.25418  		3.21597  		3.34907  		3.30678  		6.29125  		6.18562  		6.32413  		6.22792  		1.73632  		2.18392  		2.66902  		1.88617  		2.21497  		2.97618  		1.18092  		1.3446   		1.73358  		1.08659  		1.11221  		1.19184  		1.0      
6.69477  		3.38076  		3.31401  		3.38076  		3.41363  		3.47565  		3.50444  		6.54436  		6.58074  		6.57724  		6.62305  		1.73632  		2.18392  		2.66902  		1.88617  		2.21497  		2.97618  		1.20669  		1.38386  		1.77284  		1.17175  		1.23175  		1.34542  		1.0      
3.97305  		1.95288  		2.02016  		1.95288  		2.11216  		2.04083  		2.19653  		3.71513  		4.00553  		3.74546  		4.04495  		1.29633  		1.52811  		1.71049  		1.31546  		1.55342  		2.19624  		1.04345  		1.061    		1.11586  		0.961604 		1.02253  		0.988547 		1.0      
6.35073  		3.16049  		3.19024  		3.16049  		3.28966  		3.25521  		3.38031  		6.10577  		6.33474  		6.13859  		6.37697  		1.66689  		2.06779  		2.52944  		1.87426  		2.09821  		2.95496  		1.17151  		1.25032  		1.49776  		1.06943  		1.13772  		1.21295  		1.0      
6.157    		3.11113  		3.04587  		3.11113  		3.13921  		3.20029  		3.22471  		6.02329  		6.05197  		6.05407  		6.0919   		1.43085  		1.7461   		2.00726  		1.59613  		1.73417  		2.49627  		1.29906  		1.48243  		1.69596  		1.21207  		1.36447  		1.49833  		1.0      
6.15111  		3.08346  		3.06766  		3.08346  		3.16099  		3.17262  		3.24649  		5.96783  		6.09506  		5.99861  		6.13499  		1.47075  		1.81395  		2.11028  		1.62334  		1.80741  		2.51323  		1.26717  		1.45639  		1.67665  		1.2209   		1.36127  		1.49215  		1.0      
6.57506  		3.27973  		3.29533  		3.27973  		3.39494  		3.37463  		3.48575  		6.34248  		6.54351  		6.37536  		6.58582  		1.73632  		2.18392  		2.66902  		1.88617  		2.21497  		2.97618  		1.20348  		1.40592  		1.7949   		1.07899  		1.14993  		1.24055  		1.0      
3.6978   		1.92623  		1.77157  		1.92623  		1.85981  		2.01072  		1.94097  		3.67657  		3.51842  		3.70563  		3.5564   		1.19842  		1.38671  		1.46518  		1.09597  		1.33594  		1.47493  		0.995087 		1.13183  		1.22263  		0.98906  		1.03798  		1.08228  		1.0      
6.79126  		3.47534  		3.31592  		3.47534  		3.41554  		3.57023  		3.50635  		6.73333  		6.58452  		6.76621  		6.62682  		1.73632  		2.18392  		2.66902  		1.88617  		2.21497  		2.97618  		1.23454  		1.44681  		1.8358   		1.20832  		1.25171  		1.36751  		1.0      
6.13371  		3.06787  		3.06584  		3.06787  		3.16546  		3.16277  		3.25627  		5.919    		6.08466  		5.95188  		6.12696  		1.73632  		2.18392  		2.66902  		1.88617  		2.21497  		2.97618  		1.09885  		1.2359   		1.62488  		1.03417  		1.00153  		1.08337  		1.0      
5.58983  		2.99782  		2.592    		2.99782  		2.69142  		3.09254  		2.78207  		5.78204  		5.14127  		5.81485  		5.1835   		1.36933  		1.61807  		2.03591  		1.87426  		1.64848  		2.95496  		1.17889  		1.29051  		1.31469  		1.11049  		1.18734  		1.24631  		1.0      
3.80981  		2.17695  		1.63286  		2.17695  		1.72619  		2.26612  		1.81169  		4.16313  		3.23734  		4.19391  		3.27727  		1.17706  		1.30826  		1.41487  		1.3162   		1.29343  		2.02189  		1.10671  		1.21873  		1.25805  		1.10744  		1.15082  		1.20974  		1.0      
6.06462  		3.02327  		3.04134  		3.02327  		3.14096  		3.11817  		3.23177  		5.82973  		6.03573  		5.86261  		6.07803  		1.73632  		2.18392  		2.66902  		1.88617  		2.21497  		2.97618  		1.10386  		1.24181  		1.63079  		1.02646  		0.995613 		1.04096  		1.0      
6.1958   		3.07244  		3.12336  		3.07244  		3.22298  		3.16733  		3.31379  		5.92804  		6.19958  		5.96092  		6.24188  		1.73632  		2.18392  		2.66902  		1.88617  		2.21497  		2.97618  		1.09359  		1.23069  		1.61967  		1.02932  		0.99484  		1.06655  		1.0      
5.43068  		2.8298   		2.60087  		2.8298   		2.70029  		2.92452  		2.79094  		5.44694  		5.15884  		5.47976  		5.20108  		1.36425  		1.56406  		1.97741  		1.87426  		1.59448  		2.95496  		1.15293  		1.23734  		1.22405  		1.09439  		1.17122  		1.21381  		1.0      
6.06616  		3.00404  		3.06213  		3.00404  		3.16174  		3.09893  		3.25256  		5.79125  		6.07723  		5.82413  		6.11954  		1.73632  		2.18392  		2.66902  		1.88617  		2.21497  		2.97618  		1.11148  		1.24211  		1.63109  		1.07451  		1.02204  		1.0831   		1.0      
5.9051   		2.92254  		2.98256  		2.92254  		3.08218  		3.01743  		3.17299  		5.62851  		5.91824  		5.66139  		5.96054  		1.73632  		2.18392  		2.66902  		1.88617  		2.21497  		2.97618  		1.09465  		1.23182  		1.6208   		1.00664  		0.9515   		0.993094 		1.0      
6.97312  		3.52272  		3.4504   		3.52272  		3.55001  		3.61761  		3.64083  		6.82807  		6.85337  		6.86095  		6.89567  		1.73632  		2.18392  		2.66902  		1.88617  		2.21497  		2.97618  		1.23368  		1.46104  		1.85002  		1.18449  		1.28682  		1.40058  		1.0      
5.91658  		2.92532  		2.99126  		2.92532  		3.09088  		3.02021  		3.18169  		5.63402  		5.93565  		5.6669   		5.97796  		1.73632  		2.18392  		2.66902  		1.88617  		2.21497  		2.97618  		1.05003  		1.15415  		1.54313  		1.01018  		0.971025 		1.00187  		1.0      
5.96532  		3.0477   		2.91762  		3.0477   		3.01704  		3.14241  		3.10768  		5.88158  		5.79108  		5.9144   		5.83331  		1.41854  		1.69436  		2.13322  		1.87426  		1.72478  		2.95496  		1.2172   		1.40868  		1.4718   		1.12067  		1.24119  		1.31152  		1.0      
5.75315  		2.91222  		2.84093  		2.91222  		2.94035  		3.00694  		3.03099  		5.61172  		5.63879  		5.64453  		5.68102  		1.34233  		1.52587  		1.9392   		1.87426  		1.55628  		2.95496  		1.18765  		1.33225  		1.3265   		1.11685  		1.24283  		1.3082   		1.0      
3.79449  		1.85611  		1.93838  		1.85611  		2.03172  		1.94527  		2.11722  		3.52336  		3.84529  		3.55413  		3.88522  		1.14061  		1.15638  		1.20336  		1.36194  		1.14445  		1.96844  		1.10329  		1.21083  		1.26796  		1.12505  		1.20917  		1.29065  		1.0      
6.01372  		3.01219  		3.00153  		3.01219  		3.10115  		3.10708  		3.19196  		5.80759  		5.95615  		5.84047  		5.99845  		1.73632  		2.18392  		2.66902  		1.88617  		2.21497  		2.97618  		1.01856  		1.09587  		1.48485  		1.04601  		1.01141  		1.06594  		1.0      
6.15331  		3.01667  		3.13664  		3.01667  		3.23606  		3.11138  		3.32671  		5.81922  		6.22773  		5.85204  		6.26996  		1.49428  		1.80701  		2.27221  		1.87426  		1.83743  		2.95496  		1.0878   		1.2756   		1.37012  		1.0811   		1.14433  		1.22049  		1.0      
5.99886  		2.91335  		3.08551  		2.91335  		3.18493  		3.00807  		3.27557  		5.61284  		6.1255   		5.64565  		6.16774  		1.49428  		1.80701  		2.27221  		1.87426  		1.83743  		2.95496  		1.05707  		1.19987  		1.28056  		1.04198  		1.09791  		1.16559  		1.0      
5.75315  		2.91222  		2.84093  		2.91222  		2.94035  		3.00694  		3.03099  		5.61172  		5.63879  		5.64453  		5.68102  		1.34233  		1.52587  		1.9392   		1.87426  		1.55628  		2.95496  		1.18765  		1.33225  		1.3265   		1.11685  		1.24283  		1.3082   		1.0      
5.78197  		2.80354  		2.97844  		2.80354  		3.07786  		2.89825  		3.1685   		5.39368  		5.91161  		5.4265   		5.95384  		1.44991  		1.71868  		2.18387  		1.87426  		1.7491   		2.95496  		1.07113  		1.21395  		1.24867  		1.02899  		1.08385  		1.12515  		1.0      
5.82161  		2.87834  		2.94327  		2.87834  		3.04289  		2.97324  		3.1337   		5.54008  		5.83969  		5.57296  		5.88199  		1.73632  		2.18392  		2.66902  		1.88617  		2.21497  		2.97618  		1.05625  		1.16629  		1.55527  		1.00638  		0.930795 		0.949192 		1.0      
6.3175   		3.14814  		3.16936  		3.14814  		3.26878  		3.24285  		3.35943  		6.08199  		6.2931   		6.1148   		6.33533  		1.52398  		1.83668  		2.30188  		1.87426  		1.8671   		2.95496  		1.24426  		1.45078  		1.58886  		1.16013  		1.257    		1.33979  		1.0      
5.5631   		2.6858   		2.87729  		2.6858   		2.97671  		2.78052  		3.06736  		5.15845  		5.70936  		5.19127  		5.75159  		1.44673  		1.71548  		2.18068  		1.87426  		1.7459   		2.95496  		1.05291  		1.19574  		1.22725  		1.00618  		1.01792  		1.03698  		1.0      
5.84014  		2.94963  		2.89051  		2.94963  		2.99013  		3.04452  		3.08094  		5.68246  		5.73419  		5.71534  		5.7765   		1.73632  		2.18392  		2.66902  		1.88617  		2.21497  		2.97618  		1.02846  		1.13805  		1.52703  		1.00863  		0.938853 		0.943276 		1.0      
5.89191  		2.85799  		3.03392  		2.85799  		3.13334  		2.95271  		3.22398  		5.50219  		6.02228  		5.535    		6.06452  		1.52398  		1.83668  		2.30188  		1.87426  		1.8671   		2.95496  		1.02301  		1.16578  		1.29     		1.04456  		1.06398  		1.12588  		1.0      
5.60757  		2.86787  		2.73969  		2.86787  		2.83912  		2.96259  		2.92976  		5.52308  		5.43637  		5.55589  		5.4786   		1.34049  		1.52402  		1.93735  		1.87426  		1.55443  		2.95496  		1.18771  		1.33233  		1.32474  		1.11101  		1.19377  		1.2513   		1.0      
5.67055  		2.76922  		2.90134  		2.76922  		3.00076  		2.86393  		3.0914   		5.3251   		5.75744  		5.35791  		5.79967  		1.44673  		1.71548  		2.18068  		1.87426  		1.7459   		2.95496  		1.05158  		1.22442  		1.26985  		1.04539  		1.06435  		1.09179  		1.0      
6.91299  		3.5512   		3.36179  		3.5512   		3.46141  		3.6461   		3.55222  		6.8847   		6.67599  		6.91758  		6.71829  		1.73632  		2.18392  		2.66902  		1.88617  		2.21497  		2.97618  		1.23307  		1.52921  		1.91819  		1.12764  		1.19292  		1.28644  		1.0      
6.03356  		3.02956  		3.004    		3.02956  		3.10361  		3.12446  		3.19443  		5.84228  		5.96106  		5.87516  		6.00337  		1.73632  		2.18392  		2.66902  		1.88617  		2.21497  		2.97618  		1.05551  		1.15787  		1.54685  		1.08132  		1.01746  		1.06799  		1.0      
1.42779  		0.495219 		0.93257  		0.495219 		0.965904 		0.527262 		0.996721 		0.936145 		1.85536  		0.947143 		1.8698   		0.338286 		0.314025 		0.444955 		0.533851 		0.389883 		0.864285 		0.245215 		0.340617 		0.430604 		0.321779 		0.314542 		0.384325 		1.0      
4.65823  		2.3898   		2.26843  		2.3898   		2.36786  		2.48451  		2.4585   		4.56943  		4.4976   		4.60225  		4.53983  		1.22426  		1.23769  		1.56536  		1.87426  		1.2681   		2.95496  		1.0628   		1.25463  		1.38655  		1.06277  		1.02686  		1.08457  		1.0      
7.11889  		3.54297  		3.57592  		3.54297  		3.67554  		3.63786  		3.76635  		6.86836  		7.1041   		6.90124  		7.14641  		1.73632  		2.18392  		2.66902  		1.88617  		2.21497  		2.97618  		1.3585   		1.69164  		2.08062  		1.1945   		1.24684  		1.39005  		1.0      
6.29631  		3.1959   		3.10041  		3.1959   		3.20003  		3.2908   		3.29084  		6.17479  		6.15381  		6.20767  		6.19612  		1.73632  		2.18392  		2.66902  		1.88617  		2.21497  		2.97618  		1.2058   		1.28546  		1.67444  		1.14557  		1.17568  		1.24754  		1.0      
5.98441  		2.96292  		3.02149  		2.96292  		3.12091  		3.05763  		3.21155  		5.71299  		6.00012  		5.74581  		6.04235  		1.45125  		1.71105  		2.10171  		1.87426  		1.74147  		2.95496  		1.28615  		1.49371  		1.70712  		1.17895  		1.23264  		1.33482  		1.0      
4.59191  		2.41773  		2.17418  		2.41773  		2.2736   		2.51245  		2.36424  		4.62459  		4.30911  		4.6574   		4.35134  		1.2621   		1.41668  		1.74435  		1.87426  		1.4471   		2.95496  		1.10044  		1.24086  		1.30562  		1.01929  		0.995641 		1.00054  		1.0      
6.77999  		3.38254  		3.39745  		3.38254  		3.49707  		3.47744  		3.58788  		6.54758  		6.74726  		6.58046  		6.78956  		1.73632  		2.18392  		2.66902  		1.88617  		2.21497  		2.97618  		1.20434  		1.49439  		1.88337  		1.08846  		1.09634  		1.1833   		1.0      
3.11174  		1.53027  		1.58147  		1.53027  		1.66814  		1.61332  		1.74796  		2.88505  		3.13703  		2.91359  		3.1744   		1.00766  		1.06221  		1.19445  		1.29951  		1.0731   		1.61016  		1.01975  		0.960213 		1.00136  		0.987543 		1.04764  		1.08567  		1.0      
4.59191  		2.41773  		2.17418  		2.41773  		2.2736   		2.51245  		2.36424  		4.62459  		4.30911  		4.6574   		4.35134  		1.2621   		1.41668  		1.74435  		1.87426  		1.4471   		2.95496  		1.10044  		1.24086  		1.30562  		1.01929  		0.995641 		1.00054  		1.0      
6.77999  		3.38254  		3.39745  		3.38254  		3.49707  		3.47744  		3.58788  		6.54758  		6.74726  		6.58046  		6.78956  		1.73632  		2.18392  		2.66902  		1.88617  		2.21497  		2.97618  		1.20434  		1.49439  		1.88337  		1.08846  		1.09634  		1.1833   		1.0      
6.86659  		3.45185  		3.41475  		3.45185  		3.51437  		3.54674  		3.60518  		6.68636  		6.78206  		6.71924  		6.82437  		1.73632  		2.18392  		2.66902  		1.88617  		2.21497  		2.97618  		1.33736  		1.51057  		1.89955  		1.17287  		1.22105  		1.33593  		1.0      
7.3246   		3.67234  		3.65226  		3.67234  		3.75188  		3.76723  		3.84269  		7.12676  		7.25661  		7.15964  		7.29891  		1.73632  		2.18392  		2.66902  		1.88617  		2.21497  		2.97618  		1.27956  		1.62411  		2.01309  		1.10839  		1.21075  		1.30431  		1.0      
7.32188  		3.58778  		3.7341   		3.58778  		3.83352  		3.6825   		3.92417  		6.95947  		7.42051  		6.99228  		7.46274  		1.70208  		2.18477  		2.66428  		1.87426  		2.21519  		2.95496  		1.40516  		1.68231  		1.97074  		1.27873  		1.43313  		1.58846  		1.0      
6.34585  		3.09854  		3.24731  		3.09854  		3.34693  		3.19343  		3.43774  		5.98028  		6.44755  		6.01316  		6.48986  		1.73632  		2.18392  		2.66902  		1.88617  		2.21497  		2.97618  		1.18195  		1.26458  		1.65356  		1.08685  		1.09814  		1.17095  		1.0      
6.69477  		3.29657  		3.39819  		3.29657  		3.49781  		3.39147  		3.58862  		6.37607  		6.74903  		6.40895  		6.79134  		1.73632  		2.18392  		2.66902  		1.88617  		2.21497  		2.97618  		1.31808  		1.43687  		1.82585  		1.1838   		1.20536  		1.32388  		1.0      
6.43894  		3.13536  		3.30358  		3.13536  		3.4032   		3.23025  		3.49401  		6.05387  		6.56     		6.08675  		6.6023   		1.73632  		2.18392  		2.66902  		1.88617  		2.21497  		2.97618  		1.21011  		1.29274  		1.68172  		1.11365  		1.1315   		1.21423  		1.0      
6.49364  		3.19881  		3.29483  		3.19881  		3.39425  		3.29352  		3.4849   		6.18265  		6.54424  		6.21546  		6.58647  		1.49898  		1.84302  		2.30822  		1.87426  		1.87344  		2.95496  		1.20184  		1.44676  		1.62601  		1.13494  		1.21563  		1.27869  		1.0      
5.66372  		2.72191  		2.9418   		2.72191  		3.04122  		2.81663  		3.13187  		5.23031  		5.83802  		5.26312  		5.88025  		1.47909  		1.73185  		2.19704  		1.87426  		1.76226  		2.95496  		1.08393  		1.33176  		1.48518  		1.01371  		0.993749 		0.982795 		1.0      
6.92271  		3.50664  		3.41606  		3.50664  		3.51568  		3.60154  		3.60649  		6.79538  		6.78428  		6.82826  		6.82658  		1.73632  		2.18392  		2.66902  		1.88617  		2.21497  		2.97618  		1.18576  		1.54311  		1.93209  		1.04261  		1.0703   		1.11869  		1.0      
5.07288  		2.56745  		2.50543  		2.56745  		2.60505  		2.66235  		2.69586  		4.91859  		4.96453  		4.95147  		5.00683  		1.73632  		2.18392  		2.66902  		1.88617  		2.21497  		2.97618  		0.936507 		0.942623 		1.3316   		0.900387 		0.788254 		0.770338 		1.0      
5.54146  		2.84242  		2.69904  		2.84242  		2.79846  		2.93714  		2.8891   		5.47085  		5.35388  		5.50366  		5.39611  		1.44514  		1.77175  		2.2106   		1.87426  		1.80216  		2.95496  		1.14745  		1.36625  		1.42266  		1.02247  		1.05911  		1.02445  		1.0      
5.55595  		2.82555  		2.7304   		2.82555  		2.83002  		2.92045  		2.92083  		5.43462  		5.41422  		5.4675   		5.45653  		1.73632  		2.18392  		2.66902  		1.88617  		2.21497  		2.97618  		1.00771  		1.0359   		1.42488  		0.94201  		0.863307 		0.903538 		1.0      
6.79595  		3.48132  		3.31462  		3.48132  		3.41424  		3.57622  		3.50505  		6.74487  		6.58152  		6.77775  		6.62382  		1.73632  		2.18392  		2.66902  		1.88617  		2.21497  		2.97618  		1.24619  		1.6036   		1.99258  		1.11022  		1.14687  		1.2009   		1.0      
6.73507  		3.46216  		3.2729   		3.46216  		3.37252  		3.55706  		3.46333  		6.70654  		6.49808  		6.73942  		6.54038  		1.73632  		2.18392  		2.66902  		1.88617  		2.21497  		2.97618  		1.23291  		1.59036  		1.97934  		1.0677   		1.10461  		1.14018  		1.0      
6.8772   		3.48094  		3.39625  		3.48094  		3.49587  		3.57584  		3.58668  		6.74398  		6.74464  		6.77686  		6.78695  		1.73632  		2.18392  		2.66902  		1.88617  		2.21497  		2.97618  		1.14837  		1.50586  		1.89484  		1.03614  		1.05004  		1.09127  		1.0      
5.51702  		2.73728  		2.77973  		2.73728  		2.87916  		2.832    		2.9698   		5.26015  		5.51375  		5.29296  		5.55598  		1.53446  		1.92835  		2.39354  		1.87426  		1.95876  		2.95496  		1.03834  		1.25685  		1.29555  		0.942895 		0.91452  		0.831191 		1.0      
6.8772   		3.48094  		3.39625  		3.48094  		3.49587  		3.57584  		3.58668  		6.74398  		6.74464  		6.77686  		6.78695  		1.73632  		2.18392  		2.66902  		1.88617  		2.21497  		2.97618  		1.14837  		1.50586  		1.89484  		1.03614  		1.05004  		1.09127  		1.0      
5.51702  		2.73728  		2.77973  		2.73728  		2.87916  		2.832    		2.9698   		5.26015  		5.51375  		5.29296  		5.55598  		1.53446  		1.92835  		2.39354  		1.87426  		1.95876  		2.95496  		1.03834  		1.25685  		1.29555  		0.942895 		0.91452  		0.831191 		1.0      
6.28117  		3.23258  		3.04859  		3.23258  		3.14821  		3.32748  		3.23902  		6.24801  		6.05015  		6.28089  		6.09246  		1.73632  		2.18392  		2.66902  		1.88617  		2.21497  		2.97618  		1.24333  		1.32292  		1.7119   		1.0649   		1.09136  		1.13364  		1.0      
6.2387   		3.13438  		3.10432  		3.13438  		3.20394  		3.22927  		3.29475  		6.05173  		6.16156  		6.08461  		6.20387  		1.73632  		2.18392  		2.66902  		1.88617  		2.21497  		2.97618  		1.15453  		1.28609  		1.67507  		1.05739  		1.05395  		1.11448  		1.0      
3.29388  		1.612    		1.68187  		1.612    		1.76854  		1.69505  		1.84837  		3.04964  		3.33732  		3.07817  		3.3747   		1.11554  		1.18425  		1.258    		1.33261  		1.1804   		1.57772  		1.09533  		1.1055   		1.21812  		1.02355  		1.06723  		1.1306   		1.0      
2.94338  		1.44439  		1.49899  		1.44439  		1.58566  		1.52744  		1.66548  		2.71471  		2.97352  		2.74325  		3.0109   		1.00766  		1.05321  		1.1402   		1.24882  		1.04398  		1.49457  		1.01975  		0.960217 		1.00136  		0.995727 		1.05583  		1.09385  		1.0      
5.12188  		2.60674  		2.51514  		2.60674  		2.61456  		2.70146  		2.7052   		5.00089  		4.98639  		5.03371  		5.02862  		1.31665  		1.54946  		2.01466  		1.87426  		1.57987  		2.95496  		1.00004  		1.19347  		1.22155  		1.03759  		1.03793  		1.04941  		1.0      
6.65139  		3.472    		3.17939  		3.472    		3.27901  		3.56689  		3.36982  		6.72613  		6.31123  		6.75901  		6.35354  		1.73632  		2.18392  		2.66902  		1.88617  		2.21497  		2.97618  		1.15     		1.4544   		1.84338  		1.08304  		1.13437  		1.16818  		1.0      
5.03262  		2.59483  		2.4378   		2.59483  		2.53722  		2.68954  		2.62786  		4.97617  		4.83156  		5.00899  		4.87379  		1.37254  		1.7166   		2.1818   		1.87426  		1.74701  		2.95496  		0.986233 		1.15028  		1.12155  		0.970166 		0.943286 		0.88347  		1.0      
5.16652  		2.66153  		2.50499  		2.66153  		2.60441  		2.75625  		2.69505  		5.10951  		4.96603  		5.14232  		5.00826  		1.38101  		1.72505  		2.19025  		1.87426  		1.75547  		2.95496  		0.935022 		1.0991   		1.08868  		0.98678  		0.979869 		0.952074 		1.0      
5.14373  		2.66133  		2.4824   		2.66133  		2.58182  		2.75604  		2.67246  		5.1091   		4.92104  		5.14191  		4.96327  		1.37068  		1.70227  		2.16747  		1.87426  		1.73268  		2.95496  		0.935036 		1.0991   		1.07837  		0.98682  		0.979902 		0.952176 		1.0      
4.9175   		2.59274  		2.32476  		2.59274  		2.42418  		2.68745  		2.51483  		4.97284  		4.60709  		5.00565  		4.64932  		1.35517  		1.6366   		2.04994  		1.87426  		1.66701  		2.95496  		1.0166   		1.13765  		1.03327  		0.985906 		1.0571   		0.988593 		1.0      
5.01087  		2.59496  		2.41591  		2.59496  		2.51533  		2.68967  		2.60597  		4.97644  		4.78785  		5.00925  		4.83009  		1.36264  		1.70669  		2.17189  		1.87426  		1.73711  		2.95496  		0.974381 		1.13847  		1.10971  		0.970173 		0.943242 		0.883411 		1.0      
5.66344  		2.84306  		2.82038  		2.84306  		2.92     		2.93796  		3.01081  		5.46953  		5.59397  		5.50241  		5.63627  		1.73632  		2.18392  		2.66902  		1.88617  		2.21497  		2.97618  		1.05994  		1.11262  		1.5016   		0.967652 		0.899744 		0.881815 		1.0      
5.77196  		2.92996  		2.84201  		2.92996  		2.94163  		3.02485  		3.03244  		5.64319  		5.6372   		5.67607  		5.67951  		1.73632  		2.18392  		2.66902  		1.88617  		2.21497  		2.97618  		1.00878  		1.03463  		1.42361  		1.01437  		0.950934 		0.964263 		1.0      
5.54989  		2.85093  		2.69897  		2.85093  		2.79839  		2.94564  		2.88903  		5.48787  		5.35373  		5.52068  		5.39597  		1.44514  		1.77175  		2.2106   		1.87426  		1.80216  		2.95496  		1.14486  		1.36359  		1.42001  		1.03362  		1.07025  		1.03545  		1.0      
5.53912  		2.74779  		2.79133  		2.74779  		2.89075  		2.8425   		2.9814   		5.28115  		5.53694  		5.31397  		5.57917  		1.53764  		1.93155  		2.39674  		1.87426  		1.96196  		2.95496  		1.04745  		1.26595  		1.30776  		0.947664 		0.91931  		0.841036 		1.0      
5.6497   		2.90338  		2.74631  		2.90338  		2.84593  		2.99828  		2.93674  		5.59002  		5.44591  		5.6229   		5.48822  		1.73632  		2.18392  		2.66902  		1.88617  		2.21497  		2.97618  		1.06675  		1.08921  		1.47819  		0.982365 		0.921498 		0.933675 		1.0      
5.77196  		2.92996  		2.84201  		2.92996  		2.94163  		3.02485  		3.03244  		5.64319  		5.6372   		5.67607  		5.67951  		1.73632  		2.18392  		2.66902  		1.88617  		2.21497  		2.97618  		1.00878  		1.03463  		1.42361  		1.01437  		0.950934 		0.964263 		1.0      
5.54989  		2.85093  		2.69897  		2.85093  		2.79839  		2.94564  		2.88903  		5.48787  		5.35373  		5.52068  		5.39597  		1.44514  		1.77175  		2.2106   		1.87426  		1.80216  		2.95496  		1.14486  		1.36359  		1.42001  		1.03362  		1.07025  		1.03545  		1.0      
6.79595  		3.48132  		3.31462  		3.48132  		3.41424  		3.57622  		3.50505  		6.74487  		6.58152  		6.77775  		6.62382  		1.73632  		2.18392  		2.66902  		1.88617  		2.21497  		2.97618  		1.24619  		1.6036   		1.99258  		1.11022  		1.14687  		1.2009   		1.0      
7.05173  		3.58439  		3.46734  		3.58439  		3.56696  		3.67928  		3.65777  		6.95081  		6.88678  		6.98369  		6.92909  		1.73632  		2.18392  		2.66902  		1.88617  		2.21497  		2.97618  		1.29757  		1.65495  		2.04393  		1.13714  		1.2045   		1.25758  		1.0      
5.09509  		2.58661  		2.50848  		2.58661  		2.6081   		2.6815   		2.69891  		4.9569   		4.97063  		4.98978  		5.01294  		1.73632  		2.18392  		2.66902  		1.88617  		2.21497  		2.97618  		0.927196 		0.933381 		1.32236  		0.923221 		0.813176 		0.814254 		1.0      
5.03125  		2.5336   		2.49765  		2.5336   		2.59727  		2.6285   		2.68808  		4.85101  		4.94899  		4.8839   		4.99129  		1.73632  		2.18392  		2.66902  		1.88617  		2.21497  		2.97618  		0.927203 		0.921705 		1.31069  		0.923249 		0.803011 		0.804108 		1.0      
5.56968  		2.87044  		2.69924  		2.87044  		2.79866  		2.96515  		2.8893   		5.52691  		5.35428  		5.55972  		5.39651  		1.4433   		1.7699   		2.20875  		1.87426  		1.80031  		2.95496  		1.14491  		1.36368  		1.41826  		1.04574  		1.08239  		1.05702  		1.0      
