origin_200 mse:21.59723467025929 ,acc=1.0
odd_0_200 : mse=3.943398124346283 ,acc=1.0
even_0_200 : mse=3.7862151766934855 ,acc=1.0
odd_1_200 : mse=3.943398124346283 ,acc=1.0
even_1_200 : mse=4.146694911095453 ,acc=1.0
odd_3_200 : mse=4.292091118655162 ,acc=1.0
even_3_200 : mse=4.491414297597589 ,acc=1.0
k+1_odd_1_200 : mse=20.234584289363653 ,acc=1.0
k+1_even_1_200 : mse=20.908034673384346 ,acc=1.0
k+1_odd_3_200 : mse=20.505437501052228 ,acc=1.0
k+1_even_3_200 : mse=21.259317439370893 ,acc=1.0
OOitr_30_100_3 : mse=0.652343260483746 ,acc=0.9937106918238994
	30 is chosen from 100 trees
OOitr_40_100_3 : mse=1.2743114600702186 ,acc=1.0
	40 is chosen from 100 trees
OOitr_50_100_3 : mse=2.228747189569751 ,acc=1.0
	50 is chosen from 100 trees
OOitr_30_66_5 : mse=0.9860518669975856 ,acc=0.9937106918238994
	30 is chosen from 66 trees
OOitr_40_100_5 : mse=1.311144736320733 ,acc=1.0
	40 is chosen from 100 trees
OOitr_50_66_5 : mse=3.551605617974974 ,acc=1.0
	50 is chosen from 66 trees
OOitr_30_140_3 : mse=0.2738415683673694 ,acc=0.9937106918238994
	30 is chosen from 140 trees
OOitr_40_140_3 : mse=0.37762363526557224 ,acc=1.0
	40 is chosen from 140 trees
OOitr_50_140_3 : mse=0.6473147715716324 ,acc=1.0
	50 is chosen from 140 trees
OOitr_30_200_5 : mse=0.2504042085042293 ,acc=1.0
	30 is chosen from 200 trees
OOitr_40_200_5 : mse=0.27659394514735464 ,acc=1.0
	40 is chosen from 200 trees
OOitr_50_200_5 : mse=0.3172885243907252 ,acc=1.0
	50 is chosen from 200 trees

origin   		odd_0    		even_0   		odd_1    		even_1   		odd_3    		even_3   		k+1 odd_1		k+1 even_1		k+1 odd_3		k+1 even_3		oo_15    		oo_20    		oo_25    		oo_15    		oo_20    		oo_25    		oo_15_1  		oo_20_2  		oo_25_3  		oo_15_4  		oo_20_5  		oo_25_6  		label
-2.39637 		-1.34778 		-1.04859 		-1.34778 		-1.04859 		-1.34778 		-1.04859 		-2.65594 		-2.03529 		-2.65594 		-2.03529 		-0.687476		-0.900461		-1.16344 		-0.900203		-0.896009		-1.38838 		-0.53841 		-0.540918		-0.662589		-0.418827		-0.407734		-0.350121		0.0      
-3.93075 		-1.67786 		-2.25289 		-1.67786 		-2.33985 		-1.76805 		-2.41945 		-3.18325 		-4.46473 		-3.21904 		-4.49763 		-1.09783 		-1.24664 		-1.44013 		-1.37082 		-1.27912 		-2.03229 		-1.09269 		-1.18544 		-1.33432 		-1.04912 		-1.10651 		-1.18934 		0.0      
-4.73879 		-2.12325 		-2.61554 		-2.12325 		-2.7025  		-2.21343 		-2.78209 		-4.05772 		-5.18353 		-4.0935  		-5.21642 		-1.28554 		-1.55572 		-1.84669 		-1.63578 		-1.57385 		-2.57031 		-1.13172 		-1.23329 		-1.36449 		-1.04196 		-1.07994 		-1.09147 		0.0      
-2.95549 		-1.10213 		-1.85336 		-1.10213 		-1.94032 		-1.19232 		-2.01992 		-2.05338 		-3.6729  		-2.08917 		-3.7058  		-0.869   		-1.0124  		-1.14948 		-1.16063 		-1.08929 		-1.74851 		-0.781126		-0.838837		-0.956354		-0.819791		-0.837546		-0.85867 		0.0      
-4.53497 		-2.1033  		-2.43167 		-2.1033  		-2.51991 		-2.18779 		-2.60107 		-4.02662 		-4.82725 		-4.05564 		-4.86467 		-1.28097 		-1.47953 		-1.75593 		-1.4289  		-1.49523 		-2.13941 		-1.06042 		-1.21556 		-1.41027 		-1.05778 		-1.08501 		-1.13651 		0.0      
-4.9579  		-2.28311 		-2.67479 		-2.28311 		-2.76175 		-2.3733  		-2.84135 		-4.37671 		-5.30219 		-4.41249 		-5.33508 		-1.42967 		-1.73663 		-2.02543 		-1.63759 		-1.75477 		-2.54085 		-1.10038 		-1.22666 		-1.40342 		-1.05258 		-1.10103 		-1.12649 		0.0      
-4.60757 		-2.42306 		-2.18451 		-2.42306 		-2.28204 		-2.51605 		-2.37109 		-4.64148 		-4.33369 		-4.67361 		-4.37459 		-1.25603 		-1.41464 		-1.62115 		-1.59651 		-1.43486 		-2.55894 		-1.13486 		-1.20797 		-1.28766 		-1.09353 		-1.15263 		-1.18168 		0.0      
-5.20829 		-2.64407 		-2.56422 		-2.64407 		-2.66175 		-2.73706 		-2.7508  		-5.08195 		-5.09016 		-5.11408 		-5.13106 		-1.41245 		-1.6624  		-1.95526 		-1.62605 		-1.68262 		-2.58848 		-1.12778 		-1.26826 		-1.43928 		-1.0829  		-1.14652 		-1.22063 		0.0      
-3.01962 		-1.36847 		-1.65114 		-1.36847 		-1.74114 		-1.45458 		-1.82381 		-2.56543 		-3.28168 		-2.59503 		-3.31976 		-0.939708		-1.13735 		-1.28391 		-1.02577 		-1.15075 		-1.49281 		-0.85129 		-0.916992		-1.00372 		-0.790822		-0.809463		-0.860462		0.0      
-5.07488 		-2.63943 		-2.43545 		-2.63943 		-2.53298 		-2.73243 		-2.62203 		-5.07258 		-4.83319 		-5.10471 		-4.87409 		-1.41499 		-1.61828 		-1.9009  		-1.63057 		-1.6385  		-2.593   		-1.08834 		-1.22882 		-1.39092 		-1.06616 		-1.13879 		-1.20651 		0.0      
-4.59533 		-2.23737 		-2.35795 		-2.23737 		-2.45361 		-2.32865 		-2.54107 		-4.27834 		-4.6804  		-4.30984 		-4.7206  		-1.38694 		-1.60856 		-1.83854 		-1.5172  		-1.61827 		-2.24852 		-1.06647 		-1.20746 		-1.39168 		-1.10373 		-1.11882 		-1.20979 		0.0      
-3.76504 		-1.83738 		-1.92767 		-1.83738 		-2.01714 		-1.923   		-2.09936 		-3.49284 		-3.82544 		-3.52227 		-3.86333 		-1.34491 		-1.50601 		-1.70266 		-1.50623 		-1.52456 		-2.04278 		-1.00063 		-1.08476 		-1.24819 		-0.968256		-0.973751		-1.04393 		0.0      
-5.20078 		-2.57026 		-2.63052 		-2.57026 		-2.72805 		-2.66326 		-2.8171  		-4.93335 		-5.22025 		-4.96548 		-5.26115 		-1.52076 		-1.82611 		-2.17948 		-1.70527 		-1.84621 		-2.71482 		-1.08628 		-1.19204 		-1.40365 		-1.01216 		-1.04444 		-1.08414 		0.0      
-4.06421 		-1.91402 		-2.15019 		-1.91402 		-2.24019 		-2.00013 		-2.32286 		-3.6448  		-4.26667 		-3.67441 		-4.30475 		-1.31917 		-1.54223 		-1.78402 		-1.46426 		-1.55922 		-2.13913 		-1.08142 		-1.12606 		-1.27165 		-1.01361 		-1.01959 		-1.10025 		0.0      
-3.59509 		-2.04192 		-1.55317 		-2.04192 		-1.64882 		-2.1332  		-1.73629 		-3.88675 		-3.07856 		-3.91825 		-3.11876 		-1.21506 		-1.46394 		-1.72012 		-1.52322 		-1.4897  		-2.20041 		-0.958294		-0.975869		-1.13442 		-0.991918		-0.946787		-0.93804 		0.0      
-3.00271 		-1.40957 		-1.59314 		-1.40957 		-1.68314 		-1.49568 		-1.76581 		-2.64764 		-3.16603 		-2.67725 		-3.20411 		-0.953049		-1.15069 		-1.29725 		-1.02577 		-1.16409 		-1.49281 		-0.882506		-0.908933		-0.977821		-0.785131		-0.795811		-0.862665		0.0      
-4.28986 		-2.04636 		-2.2435  		-2.04636 		-2.3335  		-2.13247 		-2.41617 		-3.90781 		-4.45274 		-3.93741 		-4.49082 		-1.31917 		-1.55665 		-1.81199 		-1.46426 		-1.57364 		-2.13913 		-1.09212 		-1.16101 		-1.30661 		-1.03351 		-1.05298 		-1.15011 		0.0      
-2.55058 		-1.34501 		-1.20557 		-1.34501 		-1.28335 		-1.41985 		-1.35553 		-2.5651  		-2.41023 		-2.59061 		-2.44365 		-0.822916		-0.969989		-1.1349  		-0.889696		-1.0419  		-1.36431 		-0.612742		-0.640115		-0.755523		-0.590987		-0.641525		-0.720349		0.0      
-3.85317 		-2.08875 		-1.76441 		-2.08875 		-1.85835 		-2.17847 		-1.94437 		-3.98541 		-3.50268 		-4.01634 		-3.54224 		-1.18919 		-1.3842  		-1.54331 		-1.38841 		-1.39782 		-2.05428 		-1.04269 		-1.15278 		-1.24411 		-1.03327 		-1.07694 		-1.14933 		0.0      
-4.88029 		-2.53057 		-2.34972 		-2.53057 		-2.44366 		-2.62028 		-2.52968 		-4.86124 		-4.66209 		-4.89217 		-4.70165 		-1.46904 		-1.81323 		-2.14178 		-1.58922 		-1.82619 		-2.51167 		-1.0435  		-1.15034 		-1.35983 		-0.987986		-1.03057 		-1.08804 		0.0      
-3.10125 		-1.74878 		-1.35247 		-1.74878 		-1.44812 		-1.84006 		-1.53558 		-3.30336 		-2.68122 		-3.33486 		-2.72142 		-1.25702 		-1.48005 		-1.64227 		-1.48095 		-1.44828 		-1.9781  		-0.952045		-0.937785		-1.02023 		-0.935767		-0.905949		-0.852267		0.0      
-4.74609 		-2.48875 		-2.25734 		-2.48875 		-2.35487 		-2.58174 		-2.44392 		-4.77043 		-4.47633 		-4.80256 		-4.51723 		-1.4292  		-1.73656 		-2.04449 		-1.65167 		-1.75679 		-2.6141  		-1.05871 		-1.14623 		-1.31627 		-1.02196 		-1.03886 		-1.07088 		0.0      
-4.62081 		-2.42001 		-2.2008  		-2.42001 		-2.29833 		-2.513   		-2.38738 		-4.63247 		-4.36292 		-4.6646  		-4.40382 		-1.47831 		-1.78388 		-2.14432 		-1.65167 		-1.8041  		-2.6141  		-0.955271		-1.02885 		-1.18045 		-0.915038		-0.915772		-0.922806		0.0      
-2.50053 		-0.978253		-1.52227 		-0.978253		-1.61227 		-1.06436 		-1.69494 		-1.79091 		-3.02686 		-1.82052 		-3.06494 		-0.864071		-0.974096		-1.13006 		-1.11797 		-0.987491		-1.5068  		-0.702846		-0.688398		-0.715594		-0.775396		-0.750572		-0.772997		0.0      
-3.09839 		-1.64532 		-1.45307 		-1.64532 		-1.54438 		-1.73262 		-1.62816 		-3.1101  		-2.88079 		-3.14015 		-2.91936 		-1.02351 		-1.08335 		-1.16644 		-1.12828 		-1.12195 		-1.81604 		-0.841377		-0.920629		-1.02353 		-0.885891		-0.908287		-0.943505		0.0      
-2.60948 		-1.52093 		-1.08854 		-1.52093 		-1.17426 		-1.60311 		-1.25327 		-2.87947 		-2.17503 		-2.90764 		-2.21149 		-0.837068		-0.933553		-0.941364		-0.791671		-0.923517		-1.19889 		-0.605362		-0.736581		-0.789864		-0.7071  		-0.741962		-0.771853		0.0      
-5.51446 		-2.73762 		-2.77683 		-2.73762 		-2.87437 		-2.83061 		-2.96342 		-5.26569 		-5.51074 		-5.29782 		-5.55164 		-1.58408 		-1.99171 		-2.4229  		-1.80475 		-2.01181 		-2.81431 		-1.02009 		-1.20684 		-1.44761 		-0.952857		-0.967885		-1.00034 		0.0      
-6.57014 		-3.36923 		-3.2009  		-3.36923 		-3.29656 		-3.46052 		-3.38402 		-6.53179 		-6.35879 		-6.56329 		-6.39899 		-1.48547 		-1.89282 		-2.32861 		-1.79427 		-1.91332 		-2.81255 		-1.15959 		-1.37279 		-1.58304 		-1.18321 		-1.30935 		-1.45311 		0.0      
-3.32562 		-1.75079 		-1.57483 		-1.75079 		-1.66613 		-1.83809 		-1.74991 		-3.31982 		-3.12787 		-3.34987 		-3.16644 		-1.00622 		-1.12634 		-1.28988 		-1.19012 		-1.16495 		-1.82077 		-0.892962		-0.976009		-1.04418 		-0.928754		-0.965499		-0.987576		0.0      
-3.33773 		-1.7629  		-1.57483 		-1.7629  		-1.66613 		-1.8502  		-1.74991 		-3.34397 		-3.12787 		-3.37401 		-3.16644 		-1.00622 		-1.12634 		-1.28988 		-1.19012 		-1.16495 		-1.82077 		-0.892962		-0.976009		-1.05629 		-0.928754		-0.965499		-0.987576		0.0      
-2.33358 		-1.33759 		-0.995983		-1.33759 		-0.984872		-1.32692 		-0.974607		-2.63419 		-1.95372 		-2.63053 		-1.94898 		-0.899257		-1.09951 		-1.41377 		-1.07629 		-1.0428  		-1.49891 		-0.573743		-0.579061		-0.624869		-0.54281 		-0.545937		-0.517386		0.0      
-4.27955 		-2.19914 		-2.0804  		-2.19914 		-2.17434 		-2.28886 		-2.26036 		-4.19985 		-4.12441 		-4.23077 		-4.16397 		-1.30464 		-1.55151 		-1.78974 		-1.62383 		-1.56447 		-2.56295 		-0.977752		-1.05161 		-1.19527 		-0.917833		-0.902466		-0.928843		0.0      
-4.78725 		-2.44195 		-2.34529 		-2.44195 		-2.43923 		-2.53167 		-2.52525 		-4.68535 		-4.65331 		-4.71628 		-4.69287 		-1.41664 		-1.70254 		-2.01813 		-1.5905  		-1.71551 		-2.52962 		-1.08577 		-1.17087 		-1.3215  		-1.04296 		-1.13074 		-1.17929 		0.0      
-4.76845 		-2.4024  		-2.36605 		-2.4024  		-2.45999 		-2.49212 		-2.546   		-4.6062  		-4.69444 		-4.63713 		-4.734   		-1.43954 		-1.74861 		-2.0757  		-1.5905  		-1.76157 		-2.52962 		-1.08577 		-1.17087 		-1.3444  		-1.01747 		-1.05437 		-1.10292 		0.0      
-5.12297 		-2.66508 		-2.45789 		-2.66508 		-2.54737 		-2.7507  		-2.62959 		-5.1389  		-4.88042 		-5.16833 		-4.9183  		-1.35341 		-1.70045 		-2.06631 		-1.57588 		-1.71837 		-2.33528 		-1.09304 		-1.24733 		-1.46625 		-0.988069		-1.06027 		-1.14399 		0.0      
-4.12539 		-2.1937  		-1.93169 		-2.1937  		-2.02116 		-2.27933 		-2.10338 		-4.20536 		-3.8378  		-4.23479 		-3.87568 		-1.25659 		-1.38404 		-1.5717  		-1.48043 		-1.40195 		-1.88355 		-1.18352 		-1.33781 		-1.50386 		-1.09311 		-1.21216 		-1.3124  		0.0      
-3.0001  		-1.55346 		-1.44664 		-1.55346 		-1.44664 		-1.5728  		-1.4652  		-3.05993 		-2.84424 		-3.06658 		-2.8528  		-0.830012		-0.960265		-1.10452 		-0.799026		-0.920959		-1.36244 		-0.765419		-0.883985		-1.02511 		-0.671787		-0.680556		-0.726898		0.0      
-6.48532 		-3.18134 		-3.30398 		-3.18134 		-3.39398 		-3.26745 		-3.47665 		-6.16894 		-6.56478 		-6.19855 		-6.60286 		-1.50016 		-1.82317 		-2.21206 		-1.59687 		-1.81119 		-2.53689 		-1.27173 		-1.54511 		-1.83237 		-1.18728 		-1.28221 		-1.43647 		0.0      
4.19751  		2.0563   		2.14121  		2.0563   		2.23287  		2.14394  		2.31696  		3.92178  		4.24741  		3.95194  		4.28612  		1.40144  		1.64903  		1.98703  		1.35291  		1.66825  		2.13604  		1.03844  		1.07206  		1.16428  		0.994437 		1.04177  		1.04871  		1.0      
6.62114  		3.36443  		3.25671  		3.36443  		3.35633  		3.45932  		3.44714  		6.51151  		6.46669  		6.54433  		6.50836  		1.75377  		2.22591  		2.71428  		1.89451  		2.24607  		2.97594  		1.12178  		1.3466   		1.74407  		1.09933  		1.15558  		1.24021  		1.0      
6.84465  		3.49487  		3.34978  		3.49487  		3.44921  		3.58959  		3.53986  		6.77457  		6.65477  		6.80734  		6.69638  		1.66974  		2.10372  		2.55626  		1.88327  		2.12388  		2.95615  		1.33947  		1.5166   		1.80436  		1.2864   		1.41863  		1.54094  		1.0      
3.5778   		1.57745  		2.00035  		1.57745  		2.08785  		1.66126  		2.16839  		2.9872   		3.97431  		3.01596  		4.01145  		1.26902  		1.47189  		1.77016  		1.16589  		1.43216  		1.4274   		0.867389 		0.977497 		1.13037  		0.944677 		0.977773 		1.03904  		1.0      
6.00416  		2.98445  		3.01971  		2.98445  		3.11913  		3.07917  		3.20978  		5.75467  		5.99492  		5.78743  		6.03652  		1.63656  		2.07055  		2.5231   		1.88327  		2.09071  		2.95615  		1.1441   		1.24407  		1.4754   		1.13727  		1.17593  		1.29007  		1.0      
3.44811  		1.5101   		1.93801  		1.5101   		2.02551  		1.59391  		2.10605  		2.85282  		3.84993  		2.88159  		3.88707  		1.26902  		1.47189  		1.77016  		1.16589  		1.43216  		1.4274   		0.902487 		1.00245  		1.14443  		0.902764 		0.90796  		0.941712 		1.0      
4.10146  		2.01582  		2.08564  		2.01582  		2.17731  		2.10345  		2.2614   		3.84138  		4.13635  		3.87155  		4.17506  		1.35357  		1.58803  		1.93847  		1.38203  		1.60725  		2.17959  		1.03235  		1.05374  		1.09775  		1.02289  		1.06239  		1.0993   		1.0      
3.6236   		1.50023  		2.12338  		1.50023  		2.21088  		1.58404  		2.29142  		2.83574  		4.22122  		2.86451  		4.25836  		1.236    		1.29988  		1.44048  		1.0841   		1.27514  		1.38203  		1.01926  		1.24595  		1.38107  		1.02428  		1.12322  		1.22198  		1.0      
7.61974  		3.87641  		3.74333  		3.87641  		3.84295  		3.97131  		3.93376  		7.53525  		7.43965  		7.56808  		7.48133  		1.75377  		2.22591  		2.71428  		1.89451  		2.24607  		2.97594  		1.44268  		1.78233  		2.1798   		1.29022  		1.4601   		1.60977  		1.0      
7.49646  		3.74065  		3.7558   		3.74065  		3.85542  		3.83555  		3.94623  		7.26364  		7.46432  		7.29647  		7.50599  		1.75377  		2.22591  		2.71428  		1.89451  		2.24607  		2.97594  		1.25729  		1.62711  		2.02457  		1.2164   		1.33679  		1.4923   		1.0      
3.69713  		1.52768  		2.16944  		1.52768  		2.25694  		1.6115   		2.33748  		2.89055  		4.31324  		2.91931  		4.35038  		1.24061  		1.30449  		1.44509  		1.0841   		1.27976  		1.38203  		1.00196  		1.24965  		1.38938  		1.04113  		1.1386   		1.25002  		1.0      
4.18523  		2.14513  		2.04011  		2.14513  		2.13141  		2.23243  		2.21519  		4.10041  		4.04776  		4.13045  		4.08633  		1.27585  		1.48901  		1.68948  		1.4024   		1.50822  		2.20065  		1.05451  		1.25975  		1.39349  		0.978411 		0.983435 		1.01449  		1.0      
7.18259  		3.68962  		3.49296  		3.68962  		3.59239  		3.78434  		3.68304  		7.16314  		6.94055  		7.1959   		6.98216  		1.65708  		2.07836  		2.54777  		1.88327  		2.09851  		2.95615  		1.27467  		1.53767  		1.85777  		1.16734  		1.31373  		1.41073  		1.0      
4.34902  		2.21707  		2.13194  		2.21707  		2.22325  		2.30438  		2.30703  		4.24427  		4.23137  		4.27431  		4.26994  		1.27585  		1.48901  		1.68948  		1.4024   		1.50822  		2.20065  		1.14193  		1.34716  		1.4809   		1.04757  		1.10347  		1.13453  		1.0      
4.26024  		2.16721  		2.09303  		2.16721  		2.18433  		2.25452  		2.26811  		4.14478  		4.15339  		4.17483  		4.19196  		1.30433  		1.53131  		1.76399  		1.4024   		1.55052  		2.20065  		1.09574  		1.24329  		1.34853  		1.02437  		1.08479  		1.09917  		1.0      
6.82417  		3.51173  		3.31245  		3.51173  		3.41206  		3.60662  		3.50287  		6.806    		6.57804  		6.83882  		6.61972  		1.75377  		2.22591  		2.71428  		1.89451  		2.24607  		2.97594  		1.22842  		1.47013  		1.8676   		1.14646  		1.2169   		1.31613  		1.0      
5.96965  		3.11229  		2.85736  		3.11229  		2.95678  		3.20701  		3.04743  		6.01042  		5.67304  		6.04318  		5.71464  		1.36371  		1.67656  		2.04253  		1.88327  		1.69672  		2.95615  		1.24191  		1.3457   		1.55435  		1.19035  		1.26703  		1.32488  		1.0      
5.44144  		2.70344  		2.738    		2.70344  		2.83743  		2.79816  		2.92808  		5.19482  		5.43457  		5.22759  		5.47617  		1.22397  		1.49716  		1.81384  		1.88327  		1.51732  		2.95615  		1.08036  		1.17082  		1.34987  		1.13267  		1.16495  		1.25331  		1.0      
6.84219  		3.48007  		3.36212  		3.48007  		3.46174  		3.57496  		3.55255  		6.74249  		6.677    		6.77532  		6.71867  		1.75377  		2.22591  		2.71428  		1.89451  		2.24607  		2.97594  		1.0717   		1.36418  		1.76165  		1.08641  		1.11311  		1.20853  		1.0      
5.9695   		3.09618  		2.87332  		3.09618  		2.97294  		3.19108  		3.06375  		5.97534  		5.70033  		6.00816  		5.74201  		1.75377  		2.22591  		2.71428  		1.89451  		2.24607  		2.97594  		1.07954  		1.21709  		1.61455  		1.02681  		1.01219  		1.03142  		1.0      
3.63531  		1.86991  		1.7654   		1.86991  		1.8567   		1.95722  		1.94048  		3.55355  		3.50131  		3.58359  		3.53988  		1.15896  		1.30348  		1.40154  		1.29157  		1.32427  		1.95896  		1.06363  		1.11014  		1.2123   		1.04936  		1.11173  		1.18264  		1.0      
5.06882  		2.75961  		2.30921  		2.75961  		2.40864  		2.85433  		2.49929  		5.30652  		4.57897  		5.33929  		4.62057  		1.23978  		1.50152  		1.77302  		1.88327  		1.52167  		2.95615  		1.02213  		1.09796  		1.30033  		1.0509   		1.04257  		1.0896   		1.0      
4.92729  		2.64915  		2.27814  		2.64915  		2.37757  		2.74387  		2.46822  		5.08633  		4.51699  		5.11909  		4.55859  		1.17521  		1.41777  		1.67653  		1.88327  		1.43792  		2.95615  		1.00677  		1.06956  		1.24855  		1.04407  		1.03571  		1.08276  		1.0      
2.09475  		1.17115  		0.923596 		1.17115  		0.923596 		1.17115  		0.923596 		2.31471  		1.8135   		2.31471  		1.8135   		0.513952 		0.671161 		0.800821 		0.664795 		0.658565 		0.938888 		0.469004 		0.48298  		0.545359 		0.37859  		0.425864 		0.501804 		1.0      
7.10076  		3.54913  		3.55163  		3.54913  		3.65125  		3.64403  		3.74206  		6.88064  		7.05604  		6.91347  		7.09772  		1.75377  		2.22591  		2.71428  		1.89451  		2.24607  		2.97594  		1.25453  		1.50439  		1.90185  		1.19238  		1.29214  		1.38226  		1.0      
6.82703  		3.44898  		3.37806  		3.44898  		3.47767  		3.54387  		3.56848  		6.68049  		6.70924  		6.71331  		6.75092  		1.75377  		2.22591  		2.71428  		1.89451  		2.24607  		2.97594  		1.27623  		1.48754  		1.88501  		1.21456  		1.31375  		1.39705  		1.0      
6.29327  		3.2497   		3.04357  		3.2497   		3.14318  		3.34459  		3.23399  		6.28235  		6.04084  		6.31517  		6.08251  		1.75377  		2.22591  		2.71428  		1.89451  		2.24607  		2.97594  		1.18508  		1.31221  		1.70968  		1.12267  		1.18027  		1.22849  		1.0      
4.05551  		2.11006  		1.94545  		2.11006  		2.03675  		2.19737  		2.12053  		4.03073  		3.85959  		4.06077  		3.89816  		1.16144  		1.34427  		1.55713  		1.47255  		1.36506  		2.22054  		1.12098  		1.10638  		1.16606  		1.105    		1.18172  		1.23948  		1.0      
4.79692  		2.5186   		2.27833  		2.5186   		2.37775  		2.61332  		2.4684   		4.82546  		4.51604  		4.85822  		4.55764  		1.21385  		1.47775  		1.78469  		1.88327  		1.49791  		2.95615  		0.912163 		0.941991 		1.09351  		0.974898 		0.915655 		0.971681 		1.0      
5.74387  		3.00351  		2.74036  		3.00351  		2.83979  		3.09823  		2.93044  		5.79304  		5.43906  		5.82581  		5.48066  		1.38101  		1.71179  		2.07775  		1.88327  		1.73194  		2.95615  		1.14059  		1.21096  		1.4094   		1.13468  		1.19706  		1.268    		1.0      
5.91201  		3.03185  		2.88016  		3.03185  		2.97978  		3.12674  		3.07058  		5.84661  		5.71404  		5.87943  		5.75571  		1.75377  		2.22591  		2.71428  		1.89451  		2.24607  		2.97594  		1.06657  		1.17527  		1.57273  		1.00062  		1.01794  		1.02715  		1.0      
3.45567  		1.92869  		1.52698  		1.92869  		1.61828  		2.01599  		1.70206  		3.67112  		3.02715  		3.70117  		3.06572  		1.06983  		1.16283  		1.28448  		1.3085   		1.18361  		1.94416  		1.06402  		1.11285  		1.13705  		1.00862  		1.07706  		1.17015  		1.0      
7.47413  		3.79225  		3.68188  		3.79225  		3.7815   		3.88714  		3.87231  		7.36696  		7.3168   		7.39979  		7.35848  		1.75377  		2.22591  		2.71428  		1.89451  		2.24607  		2.97594  		1.35278  		1.64261  		2.04007  		1.21664  		1.37491  		1.54477  		1.0      
6.38457  		3.14925  		3.23532  		3.14925  		3.33475  		3.24397  		3.4254   		6.08295  		6.42497  		6.11572  		6.46657  		1.70654  		2.15695  		2.62313  		1.88327  		2.1771   		2.95615  		1.14048  		1.27843  		1.5681   		1.11761  		1.1899   		1.26636  		1.0      
3.49774  		1.52229  		1.97544  		1.52229  		2.06211  		1.60534  		2.14194  		2.87717  		3.9248   		2.90566  		3.96163  		1.19438  		1.28845  		1.50093  		1.18496  		1.24846  		1.50161  		0.915272 		1.05325  		1.22618  		0.89894  		0.948999 		0.975914 		1.0      
4.30088  		1.99658  		2.30431  		1.99658  		2.39597  		2.08421  		2.48006  		3.80433  		4.57267  		3.83449  		4.61138  		1.32422  		1.48524  		1.73769  		1.27924  		1.50446  		2.15913  		1.04959  		1.1608   		1.32943  		0.982795 		1.00591  		0.980118 		1.0      
7.45239  		3.76801  		3.68438  		3.76801  		3.784    		3.86291  		3.87481  		7.3185   		7.32177  		7.35133  		7.36344  		1.75377  		2.22591  		2.71428  		1.89451  		2.24607  		2.97594  		1.38146  		1.67135  		2.06882  		1.2696   		1.42795  		1.58594  		1.0      
6.53532  		3.30427  		3.23104  		3.30427  		3.33066  		3.39916  		3.42147  		6.39128  		6.41539  		6.4241   		6.45707  		1.75377  		2.22591  		2.71428  		1.89451  		2.24607  		2.97594  		1.16121  		1.38933  		1.7868   		1.07937  		1.12105  		1.19171  		1.0      
6.5234   		3.25645  		3.26695  		3.25645  		3.36657  		3.35134  		3.45738  		6.29566  		6.48723  		6.32848  		6.5289   		1.75377  		2.22591  		2.71428  		1.89451  		2.24607  		2.97594  		1.20439  		1.4005   		1.79797  		1.11377  		1.1524   		1.20898  		1.0      
3.99062  		1.81255  		2.17807  		1.81255  		2.26974  		1.90019  		2.35382  		3.43752  		4.32116  		3.46768  		4.35987  		1.21941  		1.36657  		1.569    		1.32233  		1.38578  		2.20222  		1.00894  		1.02318  		1.17727  		0.995637 		1.01672  		1.02743  		1.0      
3.77568  		1.71487  		2.06082  		1.71487  		2.14748  		1.79791  		2.22731  		3.26435  		4.09593  		3.29284  		4.13276  		1.07019  		1.22473  		1.44535  		1.05241  		1.15404  		1.38445  		0.771862 		0.982267 		1.16445  		0.77564  		0.830071 		0.837617 		1.0      
6.51493  		3.30239  		3.21254  		3.30239  		3.31215  		3.39728  		3.40296  		6.38753  		6.37843  		6.42035  		6.42011  		1.75377  		2.22591  		2.71428  		1.89451  		2.24607  		2.97594  		1.13137  		1.32746  		1.72492  		1.10001  		1.14848  		1.22004  		1.0      
6.73486  		3.38928  		3.34559  		3.38928  		3.44501  		3.484    		3.53566  		6.56263  		6.64549  		6.59539  		6.6871   		1.70654  		2.15695  		2.62313  		1.88327  		2.1771   		2.95615  		1.22304  		1.42168  		1.74248  		1.19849  		1.2937   		1.37536  		1.0      
6.4761   		3.20912  		3.26698  		3.20912  		3.3664   		3.30384  		3.45705  		6.20269  		6.48834  		6.23545  		6.52994  		1.70654  		2.15695  		2.62313  		1.88327  		2.1771   		2.95615  		1.17576  		1.31378  		1.60344  		1.14506  		1.24033  		1.30671  		1.0      
3.70595  		1.65003  		2.05592  		1.65003  		2.14259  		1.73308  		2.22241  		3.13124  		4.08431  		3.15973  		4.12113  		1.21098  		1.31367  		1.53931  		1.22291  		1.28684  		1.61433  		0.938553 		1.07654  		1.24947  		0.912179 		0.985226 		0.977296 		1.0      
6.57931  		3.25529  		3.32402  		3.25529  		3.42364  		3.35018  		3.51445  		6.29302  		6.60084  		6.32585  		6.64252  		1.75377  		2.22591  		2.71428  		1.89451  		2.24607  		2.97594  		1.06328  		1.33569  		1.73315  		1.00418  		1.02458  		1.08127  		1.0      
5.70231  		2.84808  		2.85423  		2.84808  		2.95366  		2.9428   		3.04431  		5.48126  		5.6638   		5.51403  		5.70541  		1.55674  		2.00505  		2.47432  		1.88327  		2.02521  		2.95615  		1.02469  		1.04037  		1.20208  		1.00205  		0.988316 		1.0088   		1.0      
1.41144  		0.823175 		0.588264 		0.823175 		0.573979 		0.809399 		0.560693 		1.64666  		1.14552  		1.64196  		1.13936  		0.534463 		0.595254 		0.738616 		0.525228 		0.508972 		0.711951 		0.320467 		0.264505 		0.286351 		0.264771 		0.252603 		0.249593 		1.0      
5.6719   		2.83138  		2.84052  		2.83138  		2.93994  		2.9261   		3.03059  		5.44798  		5.6364   		5.48075  		5.678    		1.55589  		2.00419  		2.47346  		1.88327  		2.02434  		2.95615  		1.04834  		1.0576   		1.21892  		0.99675  		0.984573 		1.00587  		1.0      
6.75164  		3.42117  		3.33047  		3.42117  		3.43008  		3.51607  		3.52089  		6.62494  		6.61412  		6.65777  		6.65579  		1.75377  		2.22591  		2.71428  		1.89451  		2.24607  		2.97594  		1.22545  		1.45166  		1.84913  		1.15416  		1.23693  		1.31495  		1.0      
5.7748   		2.94493  		2.82987  		2.94493  		2.92948  		3.03983  		3.02029  		5.67281  		5.61333  		5.70564  		5.65501  		1.75377  		2.22591  		2.71428  		1.89451  		2.24607  		2.97594  		1.02494  		1.18183  		1.5793   		0.958794 		0.906455 		0.893079 		1.0      
3.82603  		1.90523  		1.9208   		1.90523  		2.01247  		1.99286  		2.09656  		3.62245  		3.80826  		3.65261  		3.84697  		1.13797  		1.25931  		1.39022  		1.47225  		1.27536  		2.26487  		1.08797  		1.16048  		1.23221  		1.03553  		1.06344  		1.14183  		1.0      
3.41352  		1.61304  		1.80049  		1.61304  		1.89215  		1.70067  		1.97624  		3.04128  		3.56848  		3.07144  		3.60719  		1.0237   		1.11323  		1.23352  		1.3706   		1.12928  		2.09574  		1.0576   		1.08762  		1.12715  		0.980345 		1.00826  		1.07174  		1.0      
6.66316  		3.43681  		3.22635  		3.43681  		3.32597  		3.5317   		3.41678  		6.65616  		6.40597  		6.68899  		6.44764  		1.75377  		2.22591  		2.71428  		1.89451  		2.24607  		2.97594  		1.19936  		1.42705  		1.82452  		1.11947  		1.18162  		1.27898  		1.0      
5.84518  		3.01418  		2.831    		3.01418  		2.93062  		3.10907  		3.02142  		5.81128  		5.61561  		5.84411  		5.65728  		1.75377  		2.22591  		2.71428  		1.89451  		2.24607  		2.97594  		1.0193   		1.17621  		1.57367  		0.981829 		0.94332  		0.946277 		1.0      
6.74827  		3.47657  		3.27171  		3.47657  		3.37132  		3.57146  		3.46213  		6.73574  		6.49667  		6.76857  		6.53834  		1.75377  		2.22591  		2.71428  		1.89451  		2.24607  		2.97594  		1.18656  		1.41657  		1.81403  		1.12311  		1.20909  		1.29763  		1.0      
6.12642  		3.05522  		3.07121  		3.05522  		3.17063  		3.14994  		3.26128  		5.89533  		6.09712  		5.9281   		6.13873  		1.54341  		1.99171  		2.46098  		1.88327  		2.01186  		2.95615  		1.05226  		1.16939  		1.33422  		1.05722  		1.08729  		1.1483   		1.0      
7.57876  		3.76422  		3.81454  		3.76422  		3.91397  		3.85894  		4.00462  		7.31154  		7.58232  		7.34431  		7.62392  		1.75     		2.21463  		2.68389  		1.88327  		2.23478  		2.95615  		1.40525  		1.74335  		2.13719  		1.38539  		1.49589  		1.69001  		1.0      
6.26957  		3.20021  		3.06936  		3.20021  		3.16897  		3.2951   		3.25978  		6.18325  		6.09218  		6.21608  		6.13385  		1.75377  		2.22591  		2.71428  		1.89451  		2.24607  		2.97594  		1.07989  		1.27155  		1.66901  		0.993026 		1.04291  		1.08683  		1.0      
6.88739  		3.51185  		3.37554  		3.51185  		3.47516  		3.60674  		3.56597  		6.80622  		6.70426  		6.83905  		6.74594  		1.75377  		2.22591  		2.71428  		1.89451  		2.24607  		2.97594  		1.25086  		1.48007  		1.87754  		1.17816  		1.27375  		1.37912  		1.0      
5.85628  		3.05081  		2.80547  		3.05081  		2.90509  		3.1457   		2.9959   		5.88454  		5.56457  		5.91736  		5.60624  		1.75377  		2.22591  		2.71428  		1.89451  		2.24607  		2.97594  		1.03708  		1.20387  		1.60134  		0.968156 		0.934091 		0.937815 		1.0      
6.83839  		3.46016  		3.37823  		3.46016  		3.47785  		3.55505  		3.56865  		6.70272  		6.70922  		6.73554  		6.75089  		1.75377  		2.22591  		2.71428  		1.89451  		2.24607  		2.97594  		1.0787   		1.36792  		1.76539  		1.06607  		1.10852  		1.18772  		1.0      
5.83993  		2.89563  		2.94431  		2.89563  		3.04373  		2.99035  		3.13438  		5.57954  		5.84539  		5.61231  		5.88699  		1.39121  		1.73023  		2.11537  		1.88327  		1.75039  		2.95615  		1.31092  		1.46118  		1.63884  		1.11157  		1.17631  		1.23507  		1.0      
6.96854  		3.47336  		3.49517  		3.47336  		3.59479  		3.56826  		3.6856   		6.72946  		6.94356  		6.76229  		6.98524  		1.75377  		2.22591  		2.71428  		1.89451  		2.24607  		2.97594  		1.26491  		1.5163   		1.91377  		1.16222  		1.26358  		1.3557   		1.0      
6.51541  		3.26545  		3.24996  		3.26545  		3.34958  		3.36034  		3.44039  		6.31353  		6.45311  		6.34636  		6.49478  		1.75377  		2.22591  		2.71428  		1.89451  		2.24607  		2.97594  		1.16934  		1.43428  		1.83175  		1.05129  		1.08855  		1.15241  		1.0      
6.07727  		3.08533  		2.99194  		3.08533  		3.09156  		3.18022  		3.18237  		5.95364  		5.93753  		5.98647  		5.9792   		1.75377  		2.22591  		2.71428  		1.89451  		2.24607  		2.97594  		1.04465  		1.27422  		1.67169  		0.940574 		0.935892 		0.934305 		1.0      
6.69361  		3.36378  		3.32983  		3.36378  		3.42944  		3.45867  		3.52025  		6.51014  		6.61279  		6.54297  		6.65446  		1.75377  		2.22591  		2.71428  		1.89451  		2.24607  		2.97594  		1.18807  		1.50454  		1.90201  		1.07942  		1.13053  		1.2068   		1.0      
6.48151  		3.27474  		3.20677  		3.27474  		3.30639  		3.36963  		3.3972   		6.33243  		6.36722  		6.36526  		6.40889  		1.75377  		2.22591  		2.71428  		1.89451  		2.24607  		2.97594  		1.16435  		1.3699   		1.76737  		1.08839  		1.16299  		1.22325  		1.0      
6.80324  		3.45473  		3.3485   		3.45473  		3.44812  		3.54962  		3.53893  		6.69237  		6.65057  		6.7252   		6.69224  		1.75377  		2.22591  		2.71428  		1.89451  		2.24607  		2.97594  		1.30873  		1.44207  		1.83954  		1.22146  		1.33493  		1.41995  		1.0      
7.31182  		3.61536  		3.69646  		3.61536  		3.79607  		3.71026  		3.88688  		7.01304  		7.34559  		7.04587  		7.38727  		1.75377  		2.22591  		2.71428  		1.89451  		2.24607  		2.97594  		1.2589   		1.60911  		2.00658  		1.17799  		1.27231  		1.40084  		1.0      
6.63893  		3.34587  		3.29306  		3.34587  		3.39249  		3.44059  		3.48314  		6.47673  		6.54177  		6.50949  		6.58337  		1.49752  		1.90314  		2.3724   		1.88327  		1.9233   		2.95615  		1.32976  		1.516    		1.69684  		1.19033  		1.28925  		1.37977  		1.0      
2.52702  		1.52918  		0.997836 		1.52918  		0.964503 		1.50984  		0.945937 		3.0697   		1.96166  		3.06305  		1.95311  		0.718036 		0.900379 		1.08088  		0.667835 		0.843661 		0.966956 		0.63948  		0.75267  		0.849669 		0.516611 		0.59997  		0.656968 		1.0      
6.44468  		3.25767  		3.18701  		3.25767  		3.28643  		3.35239  		3.37708  		6.30093  		6.32967  		6.33369  		6.37128  		1.43749  		1.85451  		2.32378  		1.88327  		1.87467  		2.95615  		1.22421  		1.37334  		1.54388  		1.13515  		1.25286  		1.32271  		1.0      
6.4182   		3.25716  		3.16104  		3.25716  		3.26066  		3.35205  		3.35147  		6.29726  		6.27569  		6.33009  		6.31737  		1.75377  		2.22591  		2.71428  		1.89451  		2.24607  		2.97594  		1.14091  		1.27428  		1.67175  		1.10878  		1.16423  		1.21843  		1.0      
6.21029  		3.10861  		3.10168  		3.10861  		3.20111  		3.20333  		3.29176  		6.00229  		6.15864  		6.03505  		6.20024  		1.52316  		1.9715   		2.44077  		1.88327  		1.99165  		2.95615  		1.15551  		1.29145  		1.44721  		1.11068  		1.15024  		1.18982  		1.0      
2.12466  		1.34039  		0.784265 		1.34039  		0.750932 		1.32106  		0.732366 		2.69636  		1.53878  		2.68971  		1.53023  		0.636807 		0.780835 		0.835504 		0.529445 		0.724117 		0.739626 		0.522087 		0.631481 		0.751103 		0.40306  		0.486424 		0.556563 		1.0      
1.94771  		1.18224  		0.765467 		1.18224  		0.765467 		1.16291  		0.7469   		2.3484   		1.5336   		2.34175  		1.52505  		0.618002 		0.791383 		0.85464  		0.600241 		0.734665 		0.771698 		0.470908 		0.530364 		0.622394 		0.391224 		0.493325 		0.515044 		1.0      
6.21029  		3.10861  		3.10168  		3.10861  		3.20111  		3.20333  		3.29176  		6.00229  		6.15864  		6.03505  		6.20024  		1.52316  		1.9715   		2.44077  		1.88327  		1.99165  		2.95615  		1.15551  		1.29145  		1.44721  		1.11068  		1.15024  		1.18982  		1.0      
5.74187  		3.00177  		2.7401   		3.00177  		2.83971  		3.09666  		2.93052  		5.78649  		5.43393  		5.81932  		5.4756   		1.75377  		2.22591  		2.71428  		1.89451  		2.24607  		2.97594  		0.972681 		1.12772  		1.52518  		0.941006 		0.899609 		0.870076 		1.0      
7.05691  		3.50254  		3.55437  		3.50254  		3.65399  		3.59743  		3.7448   		6.78733  		7.06138  		6.82016  		7.10305  		1.75377  		2.22591  		2.71428  		1.89451  		2.24607  		2.97594  		1.29139  		1.62408  		2.02155  		1.17135  		1.24051  		1.32501  		1.0      
5.19183  		2.66064  		2.53119  		2.66064  		2.63061  		2.75536  		2.72126  		5.10657  		5.01781  		5.13933  		5.05941  		1.52316  		1.9715   		2.44077  		1.88327  		1.99165  		2.95615  		0.888684 		0.964756 		1.09873  		0.879022 		0.727468 		0.690883 		1.0      
5.3556   		2.7325   		2.62309  		2.7325   		2.72252  		2.82722  		2.81317  		5.25026  		5.20156  		5.28302  		5.24316  		1.52316  		1.9715   		2.44077  		1.88327  		1.99165  		2.95615  		0.97611  		1.05216  		1.18614  		0.948176 		0.847429 		0.810827 		1.0      
1.83879  		0.63761  		1.20118  		0.63761  		1.26784  		0.652023 		1.28174  		1.21143  		2.4519   		1.21634  		2.45834  		-0.0529039		0.0651274		0.164773 		-0.0584369		0.155553 		0.276312 		-0.0191693		0.184765 		0.415973 		0.014717 		0.0483435		0.161444 		1.0      
6.03366  		2.98118  		3.05248  		2.98118  		3.1521   		3.07607  		3.2429   		5.74535  		6.05842  		5.77818  		6.1001   		1.75377  		2.22591  		2.71428  		1.89451  		2.24607  		2.97594  		1.16731  		1.28569  		1.68316  		1.04933  		1.08061  		1.07768  		1.0      
5.62144  		2.84383  		2.7776   		2.84383  		2.87722  		2.93873  		2.96803  		5.47068  		5.50892  		5.50351  		5.55059  		1.75377  		2.22591  		2.71428  		1.89451  		2.24607  		2.97594  		0.987152 		1.0835   		1.48097  		0.934237 		0.90355  		0.858668 		1.0      
7.07778  		3.51645  		3.56134  		3.51645  		3.66095  		3.61134  		3.75176  		6.81515  		7.0753   		6.84797  		7.11697  		1.75377  		2.22591  		2.71428  		1.89451  		2.24607  		2.97594  		1.29139  		1.62408  		2.02155  		1.18503  		1.26094  		1.34553  		1.0      
6.69839  		3.31581  		3.38258  		3.31581  		3.4822   		3.4107   		3.57301  		6.41391  		6.71784  		6.44673  		6.75951  		1.75377  		2.22591  		2.71428  		1.89451  		2.24607  		2.97594  		1.14062  		1.47336  		1.87082  		1.07827  		1.09194  		1.14415  		1.0      
5.81399  		2.99717  		2.81682  		2.99717  		2.91644  		3.09207  		3.00725  		5.77733  		5.58739  		5.81016  		5.62907  		1.75377  		2.22591  		2.71428  		1.89451  		2.24607  		2.97594  		1.01446  		1.10547  		1.50294  		1.02059  		1.00653  		1.00264  		1.0      
5.8843   		2.96404  		2.92026  		2.96404  		3.01988  		3.05893  		3.11069  		5.71111  		5.79413  		5.74394  		5.8358   		1.75377  		2.22591  		2.71428  		1.89451  		2.24607  		2.97594  		1.10254  		1.20336  		1.60083  		1.00659  		1.02358  		1.02052  		1.0      
5.10157  		2.60422  		2.49735  		2.60422  		2.59697  		2.69911  		2.68778  		4.99169  		4.94873  		5.02452  		4.9904   		1.75377  		2.22591  		2.71428  		1.89451  		2.24607  		2.97594  		0.919903 		0.981474 		1.37894  		0.837927 		0.782178 		0.698323 		1.0      
5.77974  		3.02146  		2.75828  		3.02146  		2.8579   		3.11635  		2.94871  		5.8259   		5.47031  		5.85872  		5.51199  		1.75377  		2.22591  		2.71428  		1.89451  		2.24607  		2.97594  		0.964719 		1.05571  		1.45317  		0.991632 		0.977165 		0.979886 		1.0      
5.7902   		2.85318  		2.93701  		2.85318  		3.03644  		2.9479   		3.12709  		5.4919   		5.82929  		5.52466  		5.87089  		1.47911  		1.90267  		2.37193  		1.88327  		1.92282  		2.95615  		1.17661  		1.31627  		1.47448  		1.04629  		1.02521  		1.03668  		1.0      
5.82275  		2.94667  		2.87608  		2.94667  		2.9755   		3.04139  		3.06615  		5.67827  		5.70724  		5.71104  		5.74885  		1.57031  		2.01861  		2.48788  		1.88327  		2.03877  		2.95615  		1.11844  		1.22993  		1.42407  		1.0685   		1.00909  		0.995754 		1.0      
5.86978  		2.9078   		2.96198  		2.9078   		3.05592  		2.99751  		3.14194  		5.6173   		5.88659  		5.64823  		5.92615  		1.46872  		1.73836  		1.98374  		1.67039  		1.77147  		2.5229   		1.32504  		1.58333  		1.8138   		1.32791  		1.43073  		1.59977  		1.0      
4.82957  		2.33203  		2.49754  		2.33203  		2.59696  		2.42675  		2.68761  		4.45412  		4.95381  		4.48688  		4.99541  		1.25239  		1.49668  		1.75994  		1.88327  		1.51684  		2.95615  		1.15802  		1.21656  		1.29022  		1.0482   		1.05339  		1.10342  		1.0      
5.07058  		2.56806  		2.50252  		2.56806  		2.60195  		2.66278  		2.6926   		4.92513  		4.96393  		4.9579   		5.00553  		1.3605   		1.59337  		1.91716  		1.88327  		1.61353  		2.95615  		1.11353  		1.26845  		1.34188  		1.07656  		1.08968  		1.11173  		1.0      
4.71544  		2.28705  		2.42839  		2.28705  		2.52782  		2.38177  		2.61847  		4.36481  		4.81615  		4.39758  		4.85775  		1.24791  		1.45117  		1.70293  		1.88327  		1.47133  		2.95615  		1.16225  		1.21175  		1.25407  		1.08983  		1.10295  		1.11934  		1.0      
4.74639  		2.30788  		2.43851  		2.30788  		2.53794  		2.4026   		2.62859  		4.40647  		4.83639  		4.43924  		4.87799  		1.24791  		1.45117  		1.70293  		1.88327  		1.47133  		2.95615  		1.16225  		1.21175  		1.25407  		1.09454  		1.11733  		1.13903  		1.0      
5.93288  		3.05785  		2.87503  		3.05785  		2.97465  		3.15274  		3.06546  		5.89866  		5.70368  		5.93148  		5.74536  		1.75377  		2.22591  		2.71428  		1.89451  		2.24607  		2.97594  		1.03573  		1.14066  		1.53812  		0.957631 		0.959259 		0.973921 		1.0      
1.86222  		0.909759 		0.95246  		0.909759 		1.01913  		0.895584 		1.00546  		1.754    		1.97593  		1.74916  		1.9696   		0.274612 		0.411824 		0.552527 		0.292637 		0.463909 		0.727468 		0.0948694		0.262776 		0.409272 		0.172324 		0.174684 		0.274841 		1.0      
6.07607  		3.04645  		3.02962  		3.04645  		3.12924  		3.14134  		3.22005  		5.87586  		6.01268  		5.90869  		6.05435  		1.75377  		2.22591  		2.71428  		1.89451  		2.24607  		2.97594  		1.05509  		1.17262  		1.57009  		1.06257  		1.08502  		1.12322  		1.0      
5.66043  		2.84106  		2.81938  		2.84106  		2.91899  		2.93595  		3.0098   		5.46511  		5.59229  		5.49794  		5.63396  		1.75377  		2.22591  		2.71428  		1.89451  		2.24607  		2.97594  		0.904335 		1.03074  		1.42821  		0.955778 		0.915751 		0.921605 		1.0      
5.58665  		2.85862  		2.72803  		2.85862  		2.82765  		2.95351  		2.91846  		5.50016  		5.40966  		5.53299  		5.45133  		1.75377  		2.22591  		2.71428  		1.89451  		2.24607  		2.97594  		0.889812 		0.981474 		1.37894  		0.961223 		0.908944 		0.893542 		1.0      
5.09495  		2.57854  		2.51641  		2.57854  		2.61584  		2.67326  		2.70649  		4.94246  		4.98847  		4.97522  		5.03007  		1.52316  		1.9715   		2.44077  		1.88327  		1.99165  		2.95615  		0.837665 		0.86846  		0.956438 		0.887945 		0.77328  		0.7448   		1.0      
6.41111  		3.22312  		3.18799  		3.22312  		3.2876   		3.31802  		3.37841  		6.22855  		6.32865  		6.26138  		6.37033  		1.75377  		2.22591  		2.71428  		1.89451  		2.24607  		2.97594  		0.973749 		1.28221  		1.67968  		0.997455 		0.973965 		1.0179   		1.0      
5.88531  		2.98057  		2.90474  		2.98057  		3.00436  		3.07546  		3.09517  		5.74414  		5.76306  		5.77696  		5.80473  		1.75377  		2.22591  		2.71428  		1.89451  		2.24607  		2.97594  		0.993686 		1.09517  		1.49263  		0.987721 		0.993732 		1.01483  		1.0      
5.91157  		3.11705  		2.79451  		3.11705  		2.89413  		3.21195  		2.98494  		6.01698  		5.54268  		6.0498   		5.58436  		1.75377  		2.22591  		2.71428  		1.89451  		2.24607  		2.97594  		1.03316  		1.19364  		1.5911   		0.884973 		0.870093 		0.853832 		1.0      
6.15314  		3.06078  		3.09236  		3.06078  		3.19179  		3.1555   		3.28244  		5.90655  		6.13996  		5.93931  		6.18156  		1.55627  		2.00457  		2.47384  		1.88327  		2.02473  		2.95615  		1.25118  		1.36268  		1.50758  		1.16921  		1.18753  		1.25189  		1.0      
5.77374  		2.85976  		2.91397  		2.85976  		3.0134   		2.95448  		3.10405  		5.50456  		5.78323  		5.53732  		5.82483  		1.55627  		2.00457  		2.47384  		1.88327  		2.02473  		2.95615  		1.10037  		1.21191  		1.3568   		1.06238  		1.01841  		1.05038  		1.0      
6.69264  		3.31165  		3.381    		3.31165  		3.48061  		3.40654  		3.57142  		6.40564  		6.71469  		6.43846  		6.75636  		1.75377  		2.22591  		2.71428  		1.89451  		2.24607  		2.97594  		1.17365  		1.49713  		1.89459  		1.03966  		1.06487  		1.09537  		1.0      
5.85478  		2.93941  		2.91536  		2.93941  		3.01498  		3.03431  		3.10579  		5.66186  		5.78437  		5.69469  		5.82605  		1.75377  		2.22591  		2.71428  		1.89451  		2.24607  		2.97594  		1.07819  		1.17593  		1.5734   		0.997538 		1.00709  		1.00408  		1.0      
6.63912  		3.31046  		3.32865  		3.31046  		3.42827  		3.40535  		3.51908  		6.40321  		6.60995  		6.43604  		6.65163  		1.75377  		2.22591  		2.71428  		1.89451  		2.24607  		2.97594  		1.15779  		1.49057  		1.88803  		1.05221  		1.03293  		1.06872  		1.0      
5.65916  		2.92333  		2.73583  		2.92333  		2.83525  		3.01805  		2.9259   		5.63274  		5.42805  		5.6655   		5.46965  		1.39809  		1.79539  		2.26466  		1.88327  		1.81554  		2.95615  		1.10058  		1.2274   		1.31667  		0.996903 		0.99316  		1.00777  		1.0      
6.83339  		3.4253   		3.40809  		3.4253   		3.5077   		3.52019  		3.59851  		6.63288  		6.7688   		6.66571  		6.81048  		1.75377  		2.22591  		2.71428  		1.89451  		2.24607  		2.97594  		1.17034  		1.50316  		1.90063  		1.08552  		1.12744  		1.19811  		1.0      
5.58275  		2.80169  		2.78106  		2.80169  		2.88048  		2.89641  		2.97113  		5.38989  		5.51807  		5.42265  		5.55967  		1.34962  		1.75525  		2.22452  		1.88327  		1.7754   		2.95615  		1.14592  		1.21949  		1.33763  		0.996222 		0.971128 		0.969475 		1.0      
6.182    		3.18358  		2.99842  		3.18358  		3.09804  		3.27847  		3.18885  		6.15012  		5.95056  		6.18294  		5.99223  		1.75377  		2.22591  		2.71428  		1.89451  		2.24607  		2.97594  		1.14768  		1.23865  		1.63612  		1.12741  		1.17875  		1.20725  		1.0      
5.65916  		2.92333  		2.73583  		2.92333  		2.83525  		3.01805  		2.9259   		5.63274  		5.42805  		5.6655   		5.46965  		1.39809  		1.79539  		2.26466  		1.88327  		1.81554  		2.95615  		1.10058  		1.2274   		1.31667  		0.996903 		0.99316  		1.00777  		1.0      
6.57549  		3.30425  		3.27124  		3.30425  		3.37085  		3.39914  		3.46166  		6.39079  		6.49515  		6.42362  		6.53682  		1.75377  		2.22591  		2.71428  		1.89451  		2.24607  		2.97594  		1.07327  		1.40605  		1.80352  		1.02333  		1.01098  		1.04702  		1.0      
5.3567   		2.74816  		2.60854  		2.74816  		2.70797  		2.84288  		2.79862  		5.28158  		5.17266  		5.31434  		5.21426  		1.52316  		1.9715   		2.44077  		1.88327  		1.99165  		2.95615  		0.97609  		1.05217  		1.16557  		0.948084 		0.862981 		0.826379 		1.0      
5.85478  		2.93941  		2.91536  		2.93941  		3.01498  		3.03431  		3.10579  		5.66186  		5.78437  		5.69469  		5.82605  		1.75377  		2.22591  		2.71428  		1.89451  		2.24607  		2.97594  		1.07819  		1.17593  		1.5734   		0.997538 		1.00709  		1.00408  		1.0      
5.75268  		2.918    		2.83468  		2.918    		2.93411  		3.01272  		3.02476  		5.621    		5.62473  		5.65377  		5.66633  		1.55627  		2.00457  		2.47384  		1.88327  		2.02473  		2.95615  		1.10081  		1.21234  		1.35722  		1.06841  		1.01213  		0.998853 		1.0      
