origin_200 mse:23.794272761981524 ,acc=1.0
odd_0_200 : mse=4.2118705710568465 ,acc=1.0
even_0_200 : mse=4.3170541033106575 ,acc=1.0
odd_1_200 : mse=4.2118705710568465 ,acc=1.0
even_1_200 : mse=4.7059083437456675 ,acc=1.0
odd_3_200 : mse=4.5774215968006 ,acc=1.0
even_3_200 : mse=5.076219754540674 ,acc=1.0
k+1_odd_1_200 : mse=21.69624883538561 ,acc=1.0
k+1_even_1_200 : mse=23.718179770555423 ,acc=1.0
k+1_odd_3_200 : mse=21.981345750821173 ,acc=1.0
k+1_even_3_200 : mse=24.101344791900292 ,acc=1.0
OOitr_30_100_3 : mse=0.610294447927572 ,acc=0.9937106918238994
	30 is chosen from 100 trees
OOitr_40_100_3 : mse=1.2731855438685513 ,acc=1.0
	40 is chosen from 100 trees
OOitr_50_100_3 : mse=2.327782270090155 ,acc=1.0
	50 is chosen from 100 trees
OOitr_30_66_5 : mse=0.8950449717299339 ,acc=0.9937106918238994
	30 is chosen from 66 trees
OOitr_40_100_5 : mse=1.278629417966064 ,acc=1.0
	40 is chosen from 100 trees
OOitr_50_66_5 : mse=3.6825886824126637 ,acc=1.0
	50 is chosen from 66 trees
OOitr_30_140_3 : mse=0.25187036625467857 ,acc=0.9811320754716981
	30 is chosen from 140 trees
OOitr_40_140_3 : mse=0.3765788428524337 ,acc=0.9937106918238994
	40 is chosen from 140 trees
OOitr_50_140_3 : mse=0.6636251826311381 ,acc=1.0
	50 is chosen from 140 trees
OOitr_30_200_5 : mse=0.22197904661786946 ,acc=0.9937106918238994
	30 is chosen from 200 trees
OOitr_40_200_5 : mse=0.2659814528223909 ,acc=0.9937106918238994
	40 is chosen from 200 trees
OOitr_50_200_5 : mse=0.31423512050024993 ,acc=0.9937106918238994
	50 is chosen from 200 trees

origin   		odd_0    		even_0   		odd_1    		even_1   		odd_3    		even_3   		k+1 odd_1		k+1 even_1		k+1 odd_3		k+1 even_3		oo_15    		oo_20    		oo_25    		oo_15    		oo_20    		oo_25    		oo_15_1  		oo_20_2  		oo_25_3  		oo_15_4  		oo_20_5  		oo_25_6  		label
-1.54516 		-0.711567		-0.833596		-0.711567		-0.900262		-0.755504		-0.942448		-1.31421 		-1.67556 		-1.32939 		-1.69525 		-0.527579		-0.621475		-0.717414		-0.764873		-0.62032 		-0.888591		-0.346539		-0.342671		-0.434858		-0.45636 		-0.479725		-0.467534		0.0      
-4.8462  		-2.55494 		-2.29126 		-2.55494 		-2.38586 		-2.64525 		-2.47243 		-4.91036 		-4.5443  		-4.94166 		-4.58463 		-1.35344 		-1.61517 		-1.95156 		-1.52511 		-1.61583 		-2.50322 		-1.09902 		-1.22712 		-1.41751 		-1.00757 		-1.06242 		-1.08446 		0.0      
-1.55409 		-0.903837		-0.650254		-0.903837		-0.721683		-0.972779		-0.78834 		-1.6777  		-1.29413 		-1.7012  		-1.32549 		-0.566053		-0.529944		-0.758708		-0.695948		-0.561981		-0.969738		-0.605589		-0.535565		-0.508037		-0.578297		-0.598313		-0.635685		0.0      
-3.59319 		-1.66571 		-1.92748 		-1.66571 		-1.99415 		-1.70964 		-2.03633 		-3.20965 		-3.84689 		-3.22483 		-3.86658 		-1.05576 		-1.39126 		-1.71431 		-1.15074 		-1.38063 		-1.67149 		-0.732337		-0.806526		-0.916667		-0.720746		-0.770591		-0.798836		0.0      
-2.4845  		-1.11858 		-1.36592 		-1.11858 		-1.3802  		-1.16252 		-1.42239 		-2.17269 		-2.67697 		-2.18787 		-2.69666 		-0.599861		-0.657469		-0.813251		-0.952346		-0.646838		-1.4731  		-0.604235		-0.653013		-0.763155		-0.673093		-0.717752		-0.73653 		0.0      
-2.94121 		-1.55782 		-1.3834  		-1.55782 		-1.47163 		-1.64231 		-1.5528  		-2.9427  		-2.74542 		-2.97186 		-2.78333 		-1.06445 		-1.26479 		-1.48052 		-1.01896 		-1.21411 		-1.52902 		-0.851302		-0.865087		-0.905477		-0.79703 		-0.748089		-0.755925		0.0      
-1.56574 		-0.899729		-0.666013		-0.899729		-0.737441		-0.96867 		-0.804099		-1.66948 		-1.32533 		-1.69298 		-1.35669 		-0.566053		-0.529945		-0.758709		-0.695948		-0.561982		-0.99302 		-0.605589		-0.535565		-0.508038		-0.578297		-0.594604		-0.628162		0.0      
-3.60689 		-1.92589 		-1.681   		-1.92589 		-1.75243 		-1.99484 		-1.81908 		-3.69979 		-3.33382 		-3.72329 		-3.36517 		-0.978391		-1.08432 		-1.41018 		-1.13431 		-1.10981 		-1.82308 		-0.85321 		-0.873052		-0.901167		-0.853692		-0.906892		-0.930335		0.0      
-4.8261  		-2.43383 		-2.39226 		-2.43383 		-2.48979 		-2.52683 		-2.57884 		-4.66309 		-4.74578 		-4.69537 		-4.78722 		-1.2554  		-1.51216 		-1.79635 		-1.5801  		-1.48538 		-2.62598 		-1.0909  		-1.13947 		-1.30166 		-1.06514 		-1.1435  		-1.19683 		0.0      
-4.09436 		-2.04537 		-2.04899 		-2.04537 		-2.1403  		-2.13656 		-2.22768 		-3.90185 		-4.06399 		-3.93348 		-4.10467 		-1.1128  		-1.27538 		-1.50658 		-1.28955 		-1.25571 		-2.04991 		-1.06707 		-1.13118 		-1.27817 		-1.04542 		-1.14188 		-1.2287  		0.0      
-4.67623 		-2.33905 		-2.33717 		-2.33905 		-2.43471 		-2.43205 		-2.52376 		-4.47366 		-4.63535 		-4.50595 		-4.67679 		-1.25684 		-1.54932 		-1.8335  		-1.5801  		-1.52254 		-2.62598 		-0.983721		-1.03054 		-1.19274 		-1.0381  		-1.10159 		-1.12035 		0.0      
-5.41712 		-2.86563 		-2.55149 		-2.86563 		-2.64902 		-2.95862 		-2.73807 		-5.5231  		-5.06253 		-5.55539 		-5.10397 		-1.51699 		-1.84841 		-2.17177 		-1.76534 		-1.82163 		-2.718   		-1.16032 		-1.28692 		-1.45357 		-1.07703 		-1.13198 		-1.16401 		0.0      
-4.53504 		-2.39208 		-2.14296 		-2.39208 		-2.24049 		-2.48508 		-2.32954 		-4.57988 		-4.24915 		-4.61217 		-4.29058 		-1.26319 		-1.5089  		-1.7442  		-1.60295 		-1.50143 		-2.51103 		-1.09753 		-1.18301 		-1.32418 		-1.02046 		-1.04864 		-1.05425 		0.0      
-4.77734 		-2.41665 		-2.36069 		-2.41665 		-2.45614 		-2.50785 		-2.54352 		-4.63424 		-4.68802 		-4.66587 		-4.7287  		-1.27148 		-1.53386 		-1.83136 		-1.48388 		-1.51358 		-2.26511 		-1.06876 		-1.08124 		-1.2869  		-1.09768 		-1.1948  		-1.23262 		0.0      
-4.97175 		-2.51637 		-2.45538 		-2.51637 		-2.54669 		-2.60756 		-2.63406 		-4.83828 		-4.87258 		-4.8699  		-4.91327 		-1.26876 		-1.52424 		-1.76771 		-1.48698 		-1.50458 		-2.36862 		-1.20292 		-1.25204 		-1.45769 		-1.13938 		-1.2365  		-1.31377 		0.0      
-5.23365 		-2.64959 		-2.58406 		-2.64959 		-2.67951 		-2.74078 		-2.76689 		-5.09769 		-5.13003 		-5.12932 		-5.17071 		-1.33823 		-1.63985 		-1.93736 		-1.56348 		-1.61958 		-2.50318 		-1.1598  		-1.22502 		-1.43068 		-1.15397 		-1.2511  		-1.30719 		0.0      
-5.23365 		-2.64959 		-2.58406 		-2.64959 		-2.67951 		-2.74078 		-2.76689 		-5.09769 		-5.13003 		-5.12932 		-5.17071 		-1.33823 		-1.63985 		-1.93736 		-1.56348 		-1.61958 		-2.50318 		-1.1598  		-1.22502 		-1.43068 		-1.15397 		-1.2511  		-1.30719 		0.0      
-5.62911 		-2.92932 		-2.69979 		-2.92932 		-2.79732 		-3.02232 		-2.88637 		-5.65042 		-5.35814 		-5.6827  		-5.39957 		-1.43851 		-1.77007 		-2.1255  		-1.71827 		-1.7626  		-2.76414 		-1.16617 		-1.32541 		-1.59219 		-1.06821 		-1.15995 		-1.17433 		0.0      
-1.46439 		-0.78348 		-0.680911		-0.78348 		-0.752339		-0.852422		-0.818996		-1.44216 		-1.34597 		-1.46566 		-1.37733 		-0.722428		-0.763252		-0.845364		-0.626372		-0.813426		-0.846033		-0.539403		-0.600069		-0.680951		-0.525387		-0.579072		-0.587941		0.0      
-2.19848 		-1.00539 		-1.19309 		-1.00539 		-1.18198 		-0.994716		-1.17171 		-1.99291 		-2.35265 		-1.98923 		-2.34785 		-0.68133 		-0.944928		-1.07348 		-0.732132		-0.85121 		-1.29443 		-0.449544		-0.492085		-0.527138		-0.311747		-0.30917 		-0.315203		0.0      
-3.08384 		-1.33696 		-1.74688 		-1.33696 		-1.8287  		-1.41518 		-1.90369 		-2.50752 		-3.46115 		-2.53462 		-3.49609 		-1.08439 		-1.32331 		-1.5665  		-1.24333 		-1.32039 		-1.92035 		-0.861018		-0.915518		-0.959035		-0.84603 		-0.846002		-0.87151 		0.0      
-4.49907 		-2.24242 		-2.25664 		-2.24242 		-2.35076 		-2.3323  		-2.43693 		-4.2857  		-4.47686 		-4.31684 		-4.51701 		-1.38008 		-1.56949 		-1.85947 		-1.52758 		-1.57038 		-2.54319 		-1.03313 		-1.13801 		-1.27764 		-1.02775 		-1.0861  		-1.09687 		0.0      
-4.88176 		-2.32836 		-2.5534  		-2.32836 		-2.63522 		-2.40658 		-2.71021 		-4.47814 		-5.06917 		-4.50524 		-5.10412 		-1.3282  		-1.64679 		-1.93481 		-1.46581 		-1.64387 		-2.32312 		-1.07555 		-1.17408 		-1.22881 		-1.05368 		-1.11986 		-1.18515 		0.0      
-4.81809 		-2.42291 		-2.39518 		-2.42291 		-2.4893  		-2.51279 		-2.57546 		-4.64555 		-4.75306 		-4.67669 		-4.79321 		-1.50987 		-1.78558 		-2.08195 		-1.59671 		-1.77363 		-2.61231 		-1.12619 		-1.24589 		-1.35569 		-1.0471  		-1.10402 		-1.1484  		0.0      
-4.49907 		-2.24242 		-2.25664 		-2.24242 		-2.35076 		-2.3323  		-2.43693 		-4.2857  		-4.47686 		-4.31684 		-4.51701 		-1.38008 		-1.56949 		-1.85947 		-1.52758 		-1.57038 		-2.54319 		-1.03313 		-1.13801 		-1.27764 		-1.02775 		-1.0861  		-1.09687 		0.0      
-3.53887 		-1.76367 		-1.77521 		-1.76367 		-1.85702 		-1.84189 		-1.93202 		-3.35977 		-3.5257  		-3.38687 		-3.56064 		-1.07966 		-1.24371 		-1.392   		-1.1071  		-1.20922 		-1.67133 		-0.908207		-0.981015		-0.994061		-0.933843		-0.985233		-1.05053 		0.0      
-3.96255 		-2.01608 		-1.94647 		-2.01608 		-2.03695 		-2.10262 		-2.12002 		-3.84188 		-3.85795 		-3.87179 		-3.89671 		-1.36275 		-1.68778 		-2.01792 		-1.38693 		-1.69657 		-2.29496 		-0.912376		-0.972496		-1.05506 		-0.932234		-0.946829		-0.945638		0.0      
-4.53399 		-2.29923 		-2.23476 		-2.29923 		-2.33229 		-2.39222 		-2.42134 		-4.39313 		-4.43081 		-4.42541 		-4.47225 		-1.34166 		-1.64641 		-2.00599 		-1.53635 		-1.65178 		-2.59191 		-1.0555  		-1.16378 		-1.20829 		-0.981504		-0.994592		-1.02567 		0.0      
-3.25438 		-1.59753 		-1.65685 		-1.59753 		-1.75231 		-1.68466 		-1.83593 		-3.0095  		-3.28951 		-3.03963 		-3.32852 		-1.06045 		-1.06033 		-1.18931 		-1.10376 		-0.997018		-1.57792 		-0.971342		-1.01035 		-1.01234 		-1.01027 		-1.11524 		-1.16732 		0.0      
-1.3963  		-0.580911		-0.815385		-0.580911		-0.790385		-0.556845		-0.767214		-1.2008  		-1.62575 		-1.19253 		-1.6149  		-0.184207		-0.408509		-0.531854		-0.323182		-0.455992		-0.380424		0.0137109		-0.112165		-0.258111		-0.0781926		-0.118974		-0.148203		0.0      
-6.27442 		-3.1566  		-3.11782 		-3.1566  		-3.21327 		-3.24373 		-3.2969  		-6.11289 		-6.19825 		-6.14302 		-6.23726 		-1.34842 		-1.72217 		-2.09008 		-1.649   		-1.74462 		-2.60296 		-1.19499 		-1.43204 		-1.64271 		-1.16476 		-1.30998 		-1.47571 		0.0      
-4.83383 		-2.41226 		-2.42157 		-2.41226 		-2.51569 		-2.50214 		-2.60186 		-4.62475 		-4.80604 		-4.65589 		-4.84618 		-1.50987 		-1.80678 		-2.0923  		-1.56461 		-1.79483 		-2.54782 		-1.13747 		-1.26826 		-1.37806 		-1.05267 		-1.10959 		-1.15397 		0.0      
-5.13246 		-2.42457 		-2.70788 		-2.42457 		-2.79919 		-2.51576 		-2.88656 		-4.65788 		-5.37872 		-4.6895  		-5.4194  		-1.32423 		-1.63374 		-1.99007 		-1.45048 		-1.63518 		-2.26114 		-1.18771 		-1.36575 		-1.61031 		-1.09791 		-1.18303 		-1.27377 		0.0      
-2.29833 		-1.11245 		-1.18588 		-1.11245 		-1.23588 		-1.1606  		-1.28228 		-2.12728 		-2.36098 		-2.14379 		-2.38273 		-0.489083		-0.678175		-0.814988		-0.733457		-0.686915		-1.30631 		-0.355063		-0.404075		-0.589542		-0.397247		-0.391296		-0.392176		0.0      
-5.44671 		-2.78055 		-2.66616 		-2.78055 		-2.76369 		-2.87354 		-2.85274 		-5.35422 		-5.29175 		-5.3865  		-5.33318 		-1.45004 		-1.78746 		-2.16841 		-1.5801  		-1.79283 		-2.64165 		-1.12568 		-1.29831 		-1.53964 		-1.07764 		-1.15056 		-1.1882  		0.0      
-2.50424 		-1.16872 		-1.33552 		-1.16872 		-1.38552 		-1.21687 		-1.43193 		-2.23999 		-2.66004 		-2.2565  		-2.68179 		-0.44751 		-0.653038		-0.789851		-0.733457		-0.661778		-1.30631 		-0.40067 		-0.443138		-0.604183		-0.413423		-0.417072		-0.435199		0.0      
-6.29757 		-3.13657 		-3.161   		-3.13657 		-3.25645 		-3.2237  		-3.34008 		-6.07479 		-6.28545 		-6.10491 		-6.32446 		-1.44488 		-1.7629  		-2.11054 		-1.61673 		-1.76134 		-2.42527 		-1.27067 		-1.51369 		-1.76634 		-1.26364 		-1.45257 		-1.58725 		0.0      
-1.43775 		-0.55177 		-0.885982		-0.55177 		-0.860982		-0.527704		-0.837811		-1.14395 		-1.76654 		-1.13568 		-1.75569 		-0.247665		-0.493821		-0.617166		-0.363878		-0.541304		-0.338686		0.0137115		-0.112164		-0.279708		-0.0781922		-0.118973		-0.148202		0.0      
7.22734  		3.61441  		3.61293  		3.61441  		3.71254  		3.70929  		3.80335  		7.0115   		7.17852  		7.04449  		7.22074  		1.73203  		2.20277  		2.70453  		1.86211  		2.21191  		2.99355  		1.33446  		1.58931  		1.96413  		1.2389   		1.36368  		1.45886  		1.0      
6.42981  		3.27973  		3.15008  		3.27973  		3.24969  		3.37462  		3.3405   		6.34247  		6.25335  		6.37546  		6.29557  		1.73203  		2.20277  		2.70453  		1.86211  		2.21191  		2.99355  		1.12258  		1.312    		1.68683  		1.09737  		1.15094  		1.22381  		1.0      
5.63433  		2.83383  		2.8005   		2.83383  		2.888    		2.91764  		2.96854  		5.48044  		5.56356  		5.50935  		5.60118  		1.41891  		1.78363  		2.1791   		1.48436  		1.79345  		2.32622  		1.17455  		1.37783  		1.58324  		1.10113  		1.21115  		1.29139  		1.0      
4.08162  		2.14261  		1.939    		2.14261  		2.03067  		2.23025  		2.11475  		4.09415  		3.84401  		4.12446  		3.88322  		1.32396  		1.60336  		1.95914  		1.29842  		1.61156  		2.12181  		0.982987 		1.06756  		1.12619  		1.01398  		1.05065  		1.0818   		1.0      
7.52702  		3.78981  		3.73721  		3.78981  		3.83683  		3.88469  		3.92763  		7.36217  		7.42696  		7.39516  		7.46918  		1.73203  		2.20277  		2.70453  		1.86211  		2.21191  		2.99355  		1.38866  		1.66895  		2.04377  		1.28199  		1.44089  		1.60386  		1.0      
6.8994   		3.45034  		3.44906  		3.45034  		3.54867  		3.54523  		3.63947  		6.68354  		6.85085  		6.71653  		6.89307  		1.73203  		2.20277  		2.70453  		1.86211  		2.21191  		2.99355  		1.21411  		1.40031  		1.77513  		1.20359  		1.31574  		1.4149   		1.0      
5.47453  		2.78772  		2.68681  		2.78772  		2.77431  		2.87153  		2.85485  		5.38968  		5.33874  		5.41859  		5.37636  		1.41386  		1.75251  		2.14894  		1.37506  		1.76233  		2.10793  		1.16908  		1.37232  		1.57774  		1.11378  		1.22378  		1.31876  		1.0      
6.06704  		3.08508  		2.98196  		3.08508  		3.08139  		3.1798   		3.17204  		5.95573  		5.91979  		5.98865  		5.96194  		1.62124  		2.0064   		2.42296  		1.84992  		2.01052  		2.97363  		1.18941  		1.32378  		1.43919  		1.19699  		1.29423  		1.3785   		1.0      
6.52895  		3.21732  		3.31163  		3.21732  		3.41106  		3.31204  		3.50171  		6.22055  		6.5785   		6.25347  		6.62065  		1.63342  		2.03079  		2.46014  		1.84992  		2.0349   		2.97363  		1.27019  		1.43315  		1.55853  		1.23917  		1.35382  		1.47322  		1.0      
5.83763  		2.95695  		2.88068  		2.95695  		2.98011  		3.05167  		3.07076  		5.69994  		5.71757  		5.73287  		5.75972  		1.62124  		2.0064   		2.42296  		1.84992  		2.01052  		2.97363  		1.15711  		1.2531   		1.3435   		1.19042  		1.26191  		1.32554  		1.0      
6.86843  		3.43914  		3.42929  		3.43914  		3.52891  		3.53402  		3.61971  		6.66121  		6.81153  		6.69419  		6.85375  		1.73203  		2.20277  		2.70453  		1.86211  		2.21191  		2.99355  		1.17098  		1.41202  		1.78685  		1.15354  		1.26823  		1.32961  		1.0      
6.93245  		3.49409  		3.43837  		3.49409  		3.53798  		3.58897  		3.62878  		6.77098  		6.82949  		6.80397  		6.87171  		1.73203  		2.20277  		2.70453  		1.86211  		2.21191  		2.99355  		1.25756  		1.44369  		1.81852  		1.20369  		1.30553  		1.43183  		1.0      
5.91671  		3.00536  		2.91136  		3.00536  		3.01078  		3.10008  		3.10143  		5.79684  		5.77893  		5.82976  		5.82108  		1.62124  		2.0064   		2.42296  		1.84992  		2.01052  		2.97363  		1.21035  		1.30572  		1.38348  		1.19709  		1.2611   		1.35043  		1.0      
5.78693  		2.91907  		2.86786  		2.91907  		2.96728  		3.01379  		3.05793  		5.62436  		5.69199  		5.65728  		5.73414  		1.62124  		2.0064   		2.42296  		1.84992  		2.01052  		2.97363  		1.15002  		1.22269  		1.30045  		1.19042  		1.25448  		1.31103  		1.0      
4.09135  		2.06509  		2.02627  		2.06509  		2.11793  		2.15272  		2.20202  		3.93961  		4.01852  		3.96992  		4.05774  		1.34604  		1.62542  		1.9812   		1.29842  		1.63362  		2.12181  		1.00648  		1.08923  		1.08692  		1.06896  		1.10514  		1.13552  		1.0      
6.8027   		3.44011  		3.36259  		3.44011  		3.4622   		3.535    		3.55301  		6.6633   		6.67828  		6.69628  		6.7205   		1.73203  		2.20277  		2.70453  		1.86211  		2.21191  		2.99355  		1.22876  		1.43976  		1.81458  		1.18763  		1.29497  		1.36513  		1.0      
7.312    		3.63923  		3.67277  		3.63923  		3.7722   		3.73395  		3.86285  		7.06256  		7.29916  		7.09549  		7.34131  		1.69762  		2.15015  		2.63179  		1.84992  		2.15647  		2.97363  		1.35479  		1.59314  		1.89945  		1.25884  		1.39891  		1.55203  		1.0      
5.58131  		2.85035  		2.73097  		2.85035  		2.81847  		2.93416  		2.899    		5.51465  		5.42676  		5.54356  		5.46438  		1.38313  		1.66951  		1.99979  		1.45003  		1.68152  		2.18756  		1.18428  		1.39443  		1.71769  		1.08682  		1.19356  		1.29275  		1.0      
6.80977  		3.50575  		3.30402  		3.50575  		3.39757  		3.59296  		3.48127  		6.81109  		6.56971  		6.84124  		6.60875  		1.51394  		1.84295  		2.24513  		1.57636  		1.852    		2.531    		1.32238  		1.63188  		2.01062  		1.22201  		1.40503  		1.5855   		1.0      
7.08062  		3.55207  		3.52855  		3.55207  		3.62798  		3.64679  		3.71863  		6.88804  		7.01056  		6.92096  		7.05271  		1.69762  		2.15015  		2.63179  		1.84992  		2.15647  		2.97363  		1.33161  		1.53625  		1.84261  		1.17024  		1.25129  		1.36198  		1.0      
6.63538  		3.32118  		3.31419  		3.32118  		3.4138   		3.41607  		3.50461  		6.4254   		6.58147  		6.45838  		6.62369  		1.73203  		2.20277  		2.70453  		1.86211  		2.21191  		2.99355  		1.22475  		1.43765  		1.81248  		1.12257  		1.20573  		1.27423  		1.0      
7.47539  		3.73714  		3.73825  		3.73714  		3.83786  		3.83203  		3.92866  		7.25692  		7.42902  		7.28991  		7.47124  		1.73203  		2.20277  		2.70453  		1.86211  		2.21191  		2.99355  		1.3982   		1.66785  		2.04268  		1.27589  		1.41535  		1.56427  		1.0      
3.85649  		2.08347  		1.77303  		2.08347  		1.86469  		2.17111  		1.94878  		3.97733  		3.51508  		4.00765  		3.55429  		1.1532   		1.28134  		1.52679  		1.22887  		1.29174  		2.16501  		1.06422  		1.15942  		1.31478  		0.970731 		0.997025 		1.01056  		1.0      
7.29103  		3.59409  		3.69694  		3.59409  		3.79637  		3.68881  		3.88702  		6.9725   		7.34738  		7.00542  		7.38953  		1.69762  		2.15015  		2.63179  		1.84992  		2.15647  		2.97363  		1.34742  		1.55948  		1.85983  		1.26516  		1.39168  		1.53161  		1.0      
7.32986  		3.66044  		3.66943  		3.66044  		3.76904  		3.75532  		3.85984  		7.10377  		7.29158  		7.13676  		7.3338   		1.73203  		2.20277  		2.70453  		1.86211  		2.21191  		2.99355  		1.36908  		1.62459  		1.99941  		1.29175  		1.46306  		1.59879  		1.0      
7.54808  		3.69535  		3.85272  		3.69535  		3.95233  		3.79024  		4.04314  		7.17306  		7.65774  		7.20605  		7.69996  		1.73203  		2.20277  		2.70453  		1.86211  		2.21191  		2.99355  		1.41057  		1.69996  		2.07479  		1.23014  		1.29394  		1.43672  		1.0      
7.39056  		3.66733  		3.72323  		3.66733  		3.82285  		3.76221  		3.91365  		7.11702  		7.39884  		7.15001  		7.44106  		1.73203  		2.20277  		2.70453  		1.86211  		2.21191  		2.99355  		1.39462  		1.66748  		2.04231  		1.20187  		1.25158  		1.39431  		1.0      
4.1547   		2.04918  		2.10552  		2.04918  		2.19302  		2.133    		2.27355  		3.92066  		4.18111  		3.94957  		4.21874  		1.25561  		1.43165  		1.64652  		1.26253  		1.44366  		1.68696  		1.06728  		1.26405  		1.58731  		0.997635 		1.04228  		1.07766  		1.0      
5.62486  		2.83819  		2.78667  		2.83819  		2.88022  		2.9254   		2.96391  		5.48119  		5.53901  		5.51134  		5.57805  		1.41431  		1.65555  		2.03302  		1.36638  		1.6646   		2.23593  		1.21578  		1.4174   		1.71568  		1.18208  		1.3232   		1.43532  		1.0      
6.98408  		3.42412  		3.55996  		3.42412  		3.65938  		3.51884  		3.75003  		6.63213  		7.0734   		6.66506  		7.11555  		1.69762  		2.15015  		2.63179  		1.84992  		2.15647  		2.97363  		1.32079  		1.52553  		1.83189  		1.18542  		1.19692  		1.28878  		1.0      
7.39056  		3.66733  		3.72323  		3.66733  		3.82285  		3.76221  		3.91365  		7.11702  		7.39884  		7.15001  		7.44106  		1.73203  		2.20277  		2.70453  		1.86211  		2.21191  		2.99355  		1.39462  		1.66748  		2.04231  		1.20187  		1.25158  		1.39431  		1.0      
4.2387   		2.28853  		1.95017  		2.28853  		2.04183  		2.37617  		2.12592  		4.38665  		3.86858  		4.41696  		3.9078   		1.1532   		1.28134  		1.52679  		1.22887  		1.29174  		2.16501  		1.17198  		1.31969  		1.51517  		1.00456  		1.01714  		1.05727  		1.0      
6.89231  		3.41007  		3.48224  		3.41007  		3.58186  		3.50496  		3.67266  		6.60299  		6.91723  		6.63598  		6.95945  		1.73203  		2.20277  		2.70453  		1.86211  		2.21191  		2.99355  		1.21871  		1.44078  		1.8156   		1.13618  		1.24191  		1.35632  		1.0      
5.90828  		2.98042  		2.92786  		2.98042  		3.02747  		3.07531  		3.11827  		5.74404  		5.8092   		5.77703  		5.85142  		1.73203  		2.20277  		2.70453  		1.86211  		2.21191  		2.99355  		1.04028  		1.17656  		1.55139  		1.02387  		1.0144   		1.02588  		1.0      
6.2286   		3.02414  		3.20446  		3.02414  		3.30389  		3.11886  		3.39454  		5.83499  		6.36435  		5.86791  		6.4065   		1.54954  		1.93441  		2.32034  		1.84992  		1.91249  		2.97363  		1.20397  		1.40623  		1.46306  		1.13143  		1.20573  		1.32312  		1.0      
4.10516  		2.06877  		2.03639  		2.06877  		2.12994  		2.15598  		2.21363  		3.94598  		4.04277  		3.97613  		4.08181  		1.2783   		1.47326  		1.66938  		1.39114  		1.45409  		2.16753  		1.07949  		1.1807   		1.18273  		1.02082  		1.09513  		1.17875  		1.0      
5.74556  		2.81844  		2.92712  		2.81844  		3.02673  		2.91333  		3.11754  		5.42026  		5.80765  		5.45325  		5.84988  		1.73203  		2.20277  		2.70453  		1.86211  		2.21191  		2.99355  		0.986979 		1.1464   		1.52122  		0.993836 		0.974506 		0.94302  		1.0      
5.90541  		2.91171  		2.9937   		2.91171  		3.09331  		3.0066   		3.18411  		5.60674  		5.94075  		5.63973  		5.98297  		1.73203  		2.20277  		2.70453  		1.86211  		2.21191  		2.99355  		1.04615  		1.14225  		1.51708  		1.06505  		1.05253  		1.06079  		1.0      
7.08432  		3.51145  		3.57287  		3.51145  		3.67248  		3.60634  		3.76328  		6.80537  		7.09821  		6.83836  		7.14043  		1.73203  		2.20277  		2.70453  		1.86211  		2.21191  		2.99355  		1.19098  		1.49502  		1.86985  		1.16374  		1.25362  		1.3647   		1.0      
5.98522  		2.89279  		3.09243  		2.89279  		3.19204  		2.98768  		3.28284  		5.56886  		6.13811  		5.60185  		6.18033  		1.73203  		2.20277  		2.70453  		1.86211  		2.21191  		2.99355  		1.01379  		1.2011   		1.57592  		1.01449  		1.01324  		0.994464 		1.0      
5.91992  		2.78624  		3.13368  		2.78624  		3.2331   		2.88097  		3.32375  		5.36045  		6.22305  		5.39337  		6.2652   		1.38078  		1.73927  		2.1092   		1.84992  		1.71736  		2.97363  		1.10424  		1.31019  		1.36502  		1.15876  		1.22908  		1.32094  		1.0      
3.63405  		2.10245  		1.5316   		2.10245  		1.61827  		2.1855   		1.69809  		4.02621  		3.03925  		4.05484  		3.07655  		1.11781  		1.35665  		1.53984  		1.06081  		1.31215  		1.51426  		0.897824 		1.00618  		1.12903  		0.916127 		0.945532 		0.999724 		1.0      
7.37816  		3.68562  		3.69254  		3.68562  		3.79215  		3.78051  		3.88295  		7.15387  		7.33765  		7.18686  		7.37988  		1.73203  		2.20277  		2.70453  		1.86211  		2.21191  		2.99355  		1.39079  		1.64845  		2.02327  		1.27738  		1.42629  		1.55957  		1.0      
6.88359  		3.43218  		3.45141  		3.43218  		3.55102  		3.52707  		3.64182  		6.64726  		6.85553  		6.68025  		6.89776  		1.73203  		2.20277  		2.70453  		1.86211  		2.21191  		2.99355  		1.24244  		1.41103  		1.78586  		1.17429  		1.27734  		1.37198  		1.0      
5.65349  		2.87646  		2.77703  		2.87646  		2.8637   		2.95951  		2.94352  		5.56832  		5.5201   		5.59696  		5.5574   		1.36365  		1.71121  		2.06712  		1.36011  		1.69669  		2.09638  		1.15755  		1.35721  		1.65065  		1.10483  		1.23832  		1.34937  		1.0      
3.45946  		2.01521  		1.44425  		2.01521  		1.53092  		2.09825  		1.61075  		3.85195  		2.86484  		3.88058  		2.90214  		1.1178   		1.35665  		1.53983  		1.06081  		1.31215  		1.51426  		0.841633 		0.949988 		1.07285  		0.890469 		0.919861 		0.948117 		1.0      
7.36036  		3.69304  		3.66732  		3.69304  		3.76693  		3.78793  		3.85774  		7.16875  		7.28716  		7.20173  		7.32938  		1.73203  		2.20277  		2.70453  		1.86211  		2.21191  		2.99355  		1.37068  		1.64433  		2.01916  		1.22752  		1.36507  		1.51717  		1.0      
3.98744  		1.91885  		2.06859  		1.91885  		2.15989  		2.00616  		2.24367  		3.64978  		4.10314  		3.67998  		4.14222  		1.07726  		1.32552  		1.57119  		1.34663  		1.26342  		2.17393  		0.926307 		0.986075 		1.15527  		0.987047 		1.02476  		1.08416  		1.0      
6.52854  		3.29324  		3.2353   		3.29324  		3.33491  		3.38813  		3.42572  		6.36943  		6.42359  		6.40242  		6.46581  		1.73203  		2.20277  		2.70453  		1.86211  		2.21191  		2.99355  		1.2286   		1.39295  		1.76778  		1.12348  		1.16945  		1.28265  		1.0      
4.16331  		2.12854  		2.03477  		2.12854  		2.12608  		2.21584  		2.20986  		4.06808  		4.03625  		4.09827  		4.07533  		1.23432  		1.46743  		1.63186  		1.31     		1.40534  		2.13731  		1.03638  		1.15063  		1.30091  		1.06013  		1.07478  		1.13896  		1.0      
4.07044  		2.10102  		1.96942  		2.10102  		2.06072  		2.18833  		2.1445   		4.01307  		3.90557  		4.04326  		3.94465  		1.23432  		1.46743  		1.63186  		1.31     		1.40534  		2.13731  		1.0312   		1.13535  		1.28563  		1.03309  		1.03289  		1.08996  		1.0      
7.07284  		3.5749   		3.49794  		3.5749   		3.59755  		3.66979  		3.68836  		6.9323   		6.94846  		6.96529  		6.99068  		1.73203  		2.20277  		2.70453  		1.86211  		2.21191  		2.99355  		1.24889  		1.50495  		1.87978  		1.13796  		1.2378   		1.33173  		1.0      
5.78908  		2.91112  		2.87796  		2.91112  		2.97757  		3.00601  		3.06837  		5.60545  		5.70936  		5.63843  		5.75158  		1.73203  		2.20277  		2.70453  		1.86211  		2.21191  		2.99355  		1.06808  		1.20919  		1.58401  		0.963862 		0.946255 		0.933493 		1.0      
6.84454  		3.48568  		3.35886  		3.48568  		3.45829  		3.5804   		3.54894  		6.75522  		6.67121  		6.78814  		6.71336  		1.72008  		2.18225  		2.66199  		1.84992  		2.18884  		2.97363  		1.32636  		1.59397  		1.7989   		1.19284  		1.30459  		1.41074  		1.0      
6.68248  		3.35582  		3.32665  		3.35582  		3.42627  		3.45071  		3.51707  		6.49428  		6.60595  		6.52726  		6.64817  		1.73203  		2.20277  		2.70453  		1.86211  		2.21191  		2.99355  		1.17934  		1.3608   		1.73563  		1.06706  		1.1125   		1.16672  		1.0      
5.45995  		2.45893  		3.00103  		2.45893  		3.10045  		2.55365  		3.1911   		4.70611  		5.95697  		4.73903  		5.99912  		1.32051  		1.70267  		2.18242  		1.84992  		1.70926  		2.97363  		1.11999  		1.11587  		1.24478  		1.01561  		0.990973 		1.01001  		1.0      
5.34695  		2.34601  		3.00095  		2.34601  		3.10037  		2.44073  		3.19102  		4.48063  		5.95681  		4.51355  		5.99896  		1.28168  		1.66385  		2.1436   		1.84992  		1.67043  		2.97363  		1.06985  		1.05132  		1.16514  		1.0107   		0.978478 		0.969566 		1.0      
6.39899  		3.13904  		3.25996  		3.13904  		3.35957  		3.23392  		3.45038  		6.06109  		6.47286  		6.09407  		6.51508  		1.73203  		2.20277  		2.70453  		1.86211  		2.21191  		2.99355  		1.17451  		1.37666  		1.75149  		1.06282  		1.09198  		1.16544  		1.0      
6.23502  		3.13641  		3.09862  		3.13641  		3.19823  		3.2313   		3.28903  		6.05607  		6.15053  		6.08906  		6.19275  		1.73203  		2.20277  		2.70453  		1.86211  		2.21191  		2.99355  		1.09416  		1.24555  		1.62037  		1.07827  		1.14276  		1.17093  		1.0      
6.20684  		2.98896  		3.21788  		2.98896  		3.31731  		3.08368  		3.40796  		5.76457  		6.39073  		5.79749  		6.43288  		1.4412   		1.84845  		2.32821  		1.84992  		1.85504  		2.97363  		1.17956  		1.38225  		1.45199  		1.10397  		1.16835  		1.27474  		1.0      
3.87114  		1.83612  		2.03502  		1.83612  		2.11502  		1.91302  		2.18912  		3.51009  		4.04138  		3.53648  		4.0761   		1.43425  		1.58518  		1.7961   		1.50663  		1.60001  		1.99158  		1.1638   		1.32536  		1.486    		1.01361  		1.06937  		1.1699   		1.0      
5.98251  		2.75892  		3.22358  		2.75892  		3.32301  		2.85365  		3.41366  		5.30532  		6.40166  		5.33824  		6.44381  		1.33759  		1.71977  		2.19952  		1.84992  		1.72636  		2.97363  		1.17512  		1.29341  		1.41602  		1.09217  		1.10757  		1.19158  		1.0      
5.80573  		2.62166  		3.18407  		2.62166  		3.2835   		2.71638  		3.37415  		5.03086  		6.3228   		5.06378  		6.36495  		1.34123  		1.72341  		2.20315  		1.84992  		1.73     		2.97363  		1.10795  		1.222    		1.29848  		1.07846  		1.07897  		1.14217  		1.0      
3.83629  		1.77185  		2.06444  		1.77185  		2.15838  		1.85971  		2.24268  		3.35464  		4.09765  		3.38504  		4.13696  		1.0365   		1.10602  		1.30963  		1.25587  		1.10626  		2.15182  		1.11291  		1.19548  		1.19736  		1.10216  		1.16809  		1.24674  		1.0      
6.83717  		3.37648  		3.46069  		3.37648  		3.5603   		3.47137  		3.65111  		6.53585  		6.87416  		6.56883  		6.91638  		1.73203  		2.20277  		2.70453  		1.86211  		2.21191  		2.99355  		1.14038  		1.36     		1.73482  		1.14688  		1.2558   		1.34971  		1.0      
6.06833  		2.95173  		3.11661  		2.95173  		3.21622  		3.04661  		3.30702  		5.6867   		6.18645  		5.71969  		6.22867  		1.73203  		2.20277  		2.70453  		1.86211  		2.21191  		2.99355  		1.00117  		1.18403  		1.55886  		1.02797  		1.05388  		1.05499  		1.0      
6.62204  		3.2776   		3.34444  		3.2776   		3.44406  		3.37248  		3.53486  		6.33821  		6.64182  		6.37119  		6.68404  		1.73203  		2.20277  		2.70453  		1.86211  		2.21191  		2.99355  		1.14494  		1.35113  		1.72596  		1.16214  		1.2436   		1.30859  		1.0      
6.71363  		3.45285  		3.26078  		3.45285  		3.36039  		3.54774  		3.4512   		6.68843  		6.47449  		6.72141  		6.51671  		1.73203  		2.20277  		2.70453  		1.86211  		2.21191  		2.99355  		1.30972  		1.50942  		1.88425  		1.15761  		1.23748  		1.30796  		1.0      
0.864052 		0.464491 		0.39956  		0.464491 		0.317742 		0.386271 		0.242748 		1.03948  		0.789136 		1.01238  		0.754192 		-0.0876356		0.0658227		0.108926 		-0.0280608		0.0349091		0.0872626		-0.0733721		-0.0755017		0.0515577		-0.15587 		-0.0914693		-0.0813882		1.0      
6.05163  		3.12548  		2.92615  		3.12548  		3.02576  		3.22037  		3.11657  		6.03409  		5.8057   		6.06708  		5.84792  		1.73203  		2.20277  		2.70453  		1.86211  		2.21191  		2.99355  		1.05422  		1.20156  		1.57638  		1.0313   		1.0752   		1.09712  		1.0      
6.89067  		3.56185  		3.32882  		3.56185  		3.42843  		3.65674  		3.51923  		6.9064   		6.61039  		6.93938  		6.65261  		1.73203  		2.20277  		2.70453  		1.86211  		2.21191  		2.99355  		1.33142  		1.62748  		2.00231  		1.1577   		1.22898  		1.32156  		1.0      
5.55198  		2.82628  		2.7257   		2.82628  		2.82513  		2.921    		2.91578  		5.44094  		5.40887  		5.47387  		5.45102  		1.35981  		1.63683  		1.97756  		1.84992  		1.64342  		2.97363  		1.27817  		1.45763  		1.56401  		1.12522  		1.17707  		1.25006  		1.0      
3.40769  		1.82581  		1.58189  		1.82581  		1.67012  		1.91565  		1.75625  		3.46885  		3.12911  		3.49998  		3.16923  		0.917462 		0.962833 		1.02886  		1.29899  		0.93433  		2.11036  		1.07656  		1.12907  		1.1998   		0.948694 		0.974134 		1.03225  		1.0      
6.40951  		2.99973  		3.40978  		2.99973  		3.50921  		3.09445  		3.59986  		5.78603  		6.7734   		5.81895  		6.81555  		1.46677  		1.90995  		2.38969  		1.84992  		1.91653  		2.97363  		1.22119  		1.35279  		1.52041  		1.13799  		1.22841  		1.31186  		1.0      
6.76735  		3.23961  		3.52774  		3.23961  		3.62717  		3.33433  		3.71782  		6.26534  		7.00911  		6.29826  		7.05126  		1.51191  		1.95509  		2.43482  		1.84992  		1.96168  		2.97363  		1.31055  		1.45716  		1.66409  		1.2343   		1.3612   		1.48866  		1.0      
7.34158  		3.64146  		3.70012  		3.64146  		3.79974  		3.73635  		3.89054  		7.06526  		7.35259  		7.09824  		7.39481  		1.73203  		2.20277  		2.70453  		1.86211  		2.21191  		2.99355  		1.35266  		1.65024  		2.02507  		1.17734  		1.23565  		1.37181  		1.0      
6.19806  		3.16578  		3.03228  		3.16578  		3.13189  		3.26067  		3.2227   		6.11477  		6.01803  		6.14776  		6.06025  		1.73203  		2.20277  		2.70453  		1.86211  		2.21191  		2.99355  		1.11137  		1.30206  		1.67689  		1.06603  		1.08097  		1.09952  		1.0      
5.91398  		3.08562  		2.82836  		3.08562  		2.92797  		3.18051  		3.01878  		5.95433  		5.61005  		5.98732  		5.65227  		1.73203  		2.20277  		2.70453  		1.86211  		2.21191  		2.99355  		1.15103  		1.20127  		1.57609  		0.984328 		0.974811 		0.976295 		1.0      
6.70823  		3.33144  		3.37679  		3.33144  		3.4764   		3.42633  		3.56721  		6.44533  		6.70596  		6.47831  		6.74819  		1.73203  		2.20277  		2.70453  		1.86211  		2.21191  		2.99355  		1.18719  		1.51843  		1.89326  		0.989931 		1.02379  		1.08465  		1.0      
5.42026  		2.81099  		2.60927  		2.81099  		2.70888  		2.90587  		2.79969  		5.40543  		5.17227  		5.43841  		5.21449  		1.73203  		2.20277  		2.70453  		1.86211  		2.21191  		2.99355  		1.0114   		1.00959  		1.38442  		0.95279  		0.936688 		0.872218 		1.0      
5.82443  		2.67137  		3.15306  		2.67137  		3.25249  		2.76609  		3.34314  		5.1296   		6.25996  		5.16252  		6.30211  		1.44142  		1.88462  		2.36436  		1.84992  		1.89121  		2.97363  		1.07719  		1.22266  		1.33679  		0.984922 		1.01775  		1.03994  		1.0      
5.39587  		2.33131  		3.06456  		2.33131  		3.16399  		2.42603  		3.25463  		4.44994  		6.08315  		4.48286  		6.1253   		1.3963   		1.83948  		2.31924  		1.84992  		1.84606  		2.97363  		0.962165 		1.09264  		1.15305  		0.944102 		0.890399 		0.865163 		1.0      
6.72556  		3.37066  		3.3549   		3.37066  		3.45452  		3.46554  		3.54532  		6.52372  		6.66221  		6.5567   		6.70443  		1.73203  		2.20277  		2.70453  		1.86211  		2.21191  		2.99355  		1.25893  		1.61177  		1.98659  		1.04829  		1.06926  		1.14794  		1.0      
5.71505  		2.95266  		2.76239  		2.95266  		2.862    		3.04754  		2.95281  		5.68855  		5.47821  		5.72153  		5.52043  		1.73203  		2.20277  		2.70453  		1.86211  		2.21191  		2.99355  		1.15684  		1.19364  		1.56846  		1.01568  		0.992967 		0.971543 		1.0      
5.82     		2.61902  		3.20098  		2.61902  		3.30041  		2.71374  		3.39105  		5.02485  		6.35577  		5.05777  		6.39792  		1.44142  		1.88462  		2.36436  		1.84992  		1.89121  		2.97363  		1.13139  		1.27679  		1.3837   		1.01075  		0.991784 		1.02518  		1.0      
5.43776  		2.37322  		3.06454  		2.37322  		3.16396  		2.46794  		3.25461  		4.53372  		6.08311  		4.56664  		6.12526  		1.3963   		1.83948  		2.31924  		1.84992  		1.84606  		2.97363  		1.00404  		1.13453  		1.19495  		0.944123 		0.890463 		0.886347 		1.0      
5.69304  		2.56282  		3.13023  		2.56282  		3.22966  		2.65754  		3.32031  		4.91279  		6.21427  		4.94571  		6.25642  		1.3963   		1.83948  		2.31924  		1.84992  		1.84606  		2.97363  		1.092    		1.22244  		1.32586  		0.963016 		0.982023 		1.00145  		1.0      
5.36384  		2.73935  		2.62448  		2.73935  		2.7241   		2.83424  		2.8149   		5.26214  		5.20251  		5.29512  		5.24473  		1.73203  		2.20277  		2.70453  		1.86211  		2.21191  		2.99355  		1.02825  		1.00912  		1.38394  		0.971088 		0.98143  		0.901636 		1.0      
5.43776  		2.37322  		3.06454  		2.37322  		3.16396  		2.46794  		3.25461  		4.53372  		6.08311  		4.56664  		6.12526  		1.3963   		1.83948  		2.31924  		1.84992  		1.84606  		2.97363  		1.00404  		1.13453  		1.19495  		0.944123 		0.890463 		0.886347 		1.0      
6.6293   		3.3086   		3.32069  		3.3086   		3.4203   		3.40349  		3.51111  		6.39967  		6.59386  		6.43266  		6.63608  		1.73203  		2.20277  		2.70453  		1.86211  		2.21191  		2.99355  		1.17705  		1.51067  		1.8855   		1.04822  		1.06945  		1.1259   		1.0      
6.71452  		3.28268  		3.43184  		3.28268  		3.53145  		3.37757  		3.62225  		6.34774  		6.816    		6.38072  		6.85822  		1.73203  		2.20277  		2.70453  		1.86211  		2.21191  		2.99355  		1.24125  		1.5726   		1.94742  		1.0158   		0.99783  		1.06963  		1.0      
4.93424  		2.485    		2.44924  		2.485    		2.54885  		2.57989  		2.63965  		4.75363  		4.85233  		4.78662  		4.89455  		1.73203  		2.20277  		2.70453  		1.86211  		2.21191  		2.99355  		0.922782 		0.903662 		1.27849  		0.87255  		0.792402 		0.678    		1.0      
6.86877  		3.59864  		3.27013  		3.59864  		3.36974  		3.69353  		3.46055  		6.97995  		6.49321  		7.01293  		6.53543  		1.73203  		2.20277  		2.70453  		1.86211  		2.21191  		2.99355  		1.29362  		1.542    		1.91683  		1.14634  		1.20958  		1.30319  		1.0      
6.85253  		3.63651  		3.21602  		3.63651  		3.31545  		3.73123  		3.4061   		7.05705  		6.38683  		7.08997  		6.42898  		1.72854  		2.13336  		2.52297  		1.84992  		2.13994  		2.97363  		1.44717  		1.79615  		2.10017  		1.21137  		1.31255  		1.42363  		1.0      
6.60005  		3.33842  		3.26163  		3.33842  		3.36124  		3.43331  		3.45205  		6.4597   		6.47609  		6.49269  		6.51831  		1.73203  		2.20277  		2.70453  		1.86211  		2.21191  		2.99355  		1.2078   		1.43983  		1.81466  		1.12604  		1.18412  		1.22816  		1.0      
4.61648  		2.29715  		2.31932  		2.29715  		2.41875  		2.39187  		2.5094   		4.38422  		4.59837  		4.41715  		4.64052  		1.21298  		1.41004  		1.68052  		1.84992  		1.41663  		2.97363  		1.01011  		1.0594   		1.15843  		0.980357 		1.02067  		0.984149 		1.0      
6.08426  		3.15289  		2.93138  		3.15289  		3.03099  		3.24778  		3.12179  		6.08881  		5.81604  		6.12179  		5.85826  		1.73203  		2.20277  		2.70453  		1.86211  		2.21191  		2.99355  		1.12217  		1.23085  		1.60567  		1.03304  		1.03557  		1.06336  		1.0      
4.97462  		2.43392  		2.5407   		2.43392  		2.64013  		2.52864  		2.73078  		4.65754  		5.04001  		4.69046  		5.08216  		1.25562  		1.48967  		1.77861  		1.84992  		1.49625  		2.97363  		1.08861  		1.16361  		1.30362  		1.02267  		1.07764  		1.06229  		1.0      
6.46256  		3.22556  		3.237    		3.22556  		3.33661  		3.32045  		3.42742  		6.23364  		6.42655  		6.26663  		6.46878  		1.73203  		2.20277  		2.70453  		1.86211  		2.21191  		2.99355  		1.1522   		1.37639  		1.75122  		0.979097 		1.00544  		1.06854  		1.0      
5.67565  		2.93396  		2.74169  		2.93396  		2.84131  		3.02885  		2.93211  		5.65106  		5.43679  		5.68404  		5.47901  		1.73203  		2.20277  		2.70453  		1.86211  		2.21191  		2.99355  		1.0511   		1.11609  		1.49091  		0.974642 		0.954731 		0.948659 		1.0      
6.42125  		3.18415  		3.23709  		3.18415  		3.3367   		3.27904  		3.42751  		6.15087  		6.42674  		6.18386  		6.46896  		1.73203  		2.20277  		2.70453  		1.86211  		2.21191  		2.99355  		1.11098  		1.33514  		1.70996  		0.979076 		1.00537  		1.04757  		1.0      
5.655    		2.80902  		2.84598  		2.80902  		2.94559  		2.90391  		3.0364   		5.40126  		5.64537  		5.43425  		5.68759  		1.73203  		2.20277  		2.70453  		1.86211  		2.21191  		2.99355  		0.969996 		1.07377  		1.4486   		0.944436 		0.932294 		0.897651 		1.0      
6.55331  		3.39865  		3.15466  		3.39865  		3.25409  		3.49337  		3.34473  		6.58079  		6.26321  		6.61371  		6.30536  		1.77441  		2.23658  		2.71635  		1.84992  		2.24317  		2.97363  		1.25295  		1.5329   		1.70325  		1.15708  		1.25003  		1.35263  		1.0      
5.42023  		2.46223  		2.958    		2.46223  		3.05743  		2.55695  		3.14808  		4.71241  		5.87056  		4.74533  		5.91271  		1.35904  		1.80221  		2.28196  		1.84992  		1.8088   		2.97363  		1.09215  		1.10276  		1.12333  		1.04974  		1.09255  		1.13739  		1.0      
5.80927  		3.03603  		2.77324  		3.03603  		2.87285  		3.13092  		2.96365  		5.85528  		5.49988  		5.88826  		5.54211  		1.73203  		2.20277  		2.70453  		1.86211  		2.21191  		2.99355  		1.07828  		1.15247  		1.5273   		1.03924  		1.05517  		1.05647  		1.0      
6.42036  		3.13506  		3.2853   		3.13506  		3.38491  		3.22995  		3.47572  		6.05262  		6.52309  		6.08561  		6.56531  		1.73203  		2.20277  		2.70453  		1.86211  		2.21191  		2.99355  		1.17079  		1.3949   		1.76973  		0.99225  		0.966793 		1.02027  		1.0      
5.25042  		2.3086   		2.94181  		2.3086   		3.04124  		2.40332  		3.13189  		4.40515  		5.83819  		4.43808  		5.88034  		1.35904  		1.80221  		2.28196  		1.84992  		1.8088   		2.97363  		1.05986  		1.07048  		1.09105  		0.987177 		0.960793 		0.975603 		1.0      
5.327    		2.47535  		2.85165  		2.47535  		2.95108  		2.57007  		3.04173  		4.73935  		5.65878  		4.77228  		5.70093  		1.33563  		1.73335  		2.21309  		1.84992  		1.73994  		2.97363  		1.04551  		1.08738  		1.04088  		1.03379  		1.07019  		1.1168   		1.0      
5.15631  		2.61663  		2.53968  		2.61663  		2.63929  		2.71151  		2.7301   		5.01672  		5.0331   		5.04971  		5.07532  		1.73203  		2.20277  		2.70453  		1.86211  		2.21191  		2.99355  		0.929435 		0.963723 		1.33855  		0.881419 		0.812297 		0.748301 		1.0      
5.4479   		2.83831  		2.60959  		2.83831  		2.7092   		2.9332   		2.80001  		5.46007  		5.17295  		5.49306  		5.21517  		1.73203  		2.20277  		2.70453  		1.86211  		2.21191  		2.99355  		1.0114   		1.00959  		1.38442  		0.961764 		0.953962 		0.889512 		1.0      
7.34527  		3.73443  		3.61085  		3.73443  		3.71027  		3.82915  		3.80092  		7.25123  		7.17416  		7.28415  		7.21631  		1.77441  		2.23658  		2.71635  		1.84992  		2.24317  		2.97363  		1.40922  		1.80109  		2.19784  		1.17372  		1.25852  		1.39108  		1.0      
6.72626  		3.35506  		3.3712   		3.35506  		3.47081  		3.44995  		3.56162  		6.49253  		6.69479  		6.52551  		6.73701  		1.73203  		2.20277  		2.70453  		1.86211  		2.21191  		2.99355  		1.27508  		1.62792  		2.00274  		1.05638  		1.07755  		1.15633  		1.0      
6.93539  		3.47133  		3.46407  		3.47133  		3.56368  		3.56622  		3.65448  		6.72503  		6.88045  		6.75801  		6.92267  		1.73203  		2.20277  		2.70453  		1.86211  		2.21191  		2.99355  		1.27361  		1.60492  		1.97975  		1.09421  		1.15374  		1.25574  		1.0      
6.71     		3.35495  		3.35505  		3.35495  		3.45466  		3.44984  		3.54546  		6.4923   		6.6625   		6.52529  		6.70472  		1.73203  		2.20277  		2.70453  		1.86211  		2.21191  		2.99355  		1.25893  		1.61177  		1.98659  		1.04031  		1.06128  		1.13991  		1.0      
5.77484  		2.89775  		2.87709  		2.89775  		2.9767   		2.99263  		3.06751  		5.57873  		5.70765  		5.61172  		5.74987  		1.73203  		2.20277  		2.70453  		1.86211  		2.21191  		2.99355  		0.986358 		1.092    		1.46683  		0.978057 		0.964097 		0.94134  		1.0      
7.24424  		3.67267  		3.57158  		3.67267  		3.671    		3.76739  		3.76165  		7.12777  		7.09569  		7.16069  		7.13784  		1.77441  		2.23658  		2.71635  		1.84992  		2.24317  		2.97363  		1.32754  		1.69995  		2.09671  		1.17364  		1.25828  		1.36861  		1.0      
5.83568  		3.00554  		2.83014  		3.00554  		2.92975  		3.10043  		3.02055  		5.79407  		5.61346  		5.82706  		5.65568  		1.73203  		2.20277  		2.70453  		1.86211  		2.21191  		2.99355  		1.13994  		1.16294  		1.53777  		1.02696  		1.04564  		1.03902  		1.0      
5.51862  		2.68609  		2.83253  		2.68609  		2.93214  		2.78098  		3.02294  		5.15568  		5.61848  		5.18867  		5.6607   		1.73203  		2.20277  		2.70453  		1.86211  		2.21191  		2.99355  		0.984636 		1.01778  		1.3926   		0.960201 		0.935502 		0.904584 		1.0      
5.78065  		2.86418  		2.91647  		2.86418  		3.01608  		2.95907  		3.10688  		5.51171  		5.78633  		5.54469  		5.82855  		1.73203  		2.20277  		2.70453  		1.86211  		2.21191  		2.99355  		1.03273  		1.05925  		1.43407  		1.02378  		1.00973  		1.01445  		1.0      
5.68405  		2.67655  		3.00751  		2.67655  		3.10693  		2.77127  		3.19758  		5.13984  		5.96951  		5.17276  		6.01166  		1.47219  		1.89427  		2.37403  		1.84992  		1.90085  		2.97363  		1.12378  		1.34086  		1.36582  		1.03522  		1.03675  		1.07391  		1.0      
5.78869  		2.57192  		3.21676  		2.57192  		3.31619  		2.66664  		3.40684  		4.93118  		6.38734  		4.9641   		6.42949  		1.35904  		1.80221  		2.28196  		1.84992  		1.8088   		2.97363  		1.13035  		1.24818  		1.32754  		1.0266   		1.01598  		1.04938  		1.0      
