origin_200 mse:21.13501769358894 ,acc=1.0
odd_0_200 : mse=3.9017557452271494 ,acc=1.0
even_0_200 : mse=3.5933563126681487 ,acc=1.0
odd_1_200 : mse=3.9017557452271494 ,acc=1.0
even_1_200 : mse=3.942799971429485 ,acc=1.0
odd_3_200 : mse=4.25009202663184 ,acc=1.0
even_3_200 : mse=4.27744706792943 ,acc=1.0
k+1_odd_1_200 : mse=20.19375201196156 ,acc=1.0
k+1_even_1_200 : mse=20.10025808550249 ,acc=1.0
k+1_odd_3_200 : mse=20.465073318070363 ,acc=1.0
k+1_even_3_200 : mse=20.447569581200398 ,acc=1.0
OOitr_30_100_3 : mse=0.5984311604001112 ,acc=1.0
	30 is chosen from 100 trees
OOitr_40_100_3 : mse=1.2101412707246 ,acc=1.0
	40 is chosen from 100 trees
OOitr_50_100_3 : mse=2.123859104493199 ,acc=1.0
	50 is chosen from 100 trees
OOitr_30_66_5 : mse=0.954721933408196 ,acc=0.9937106918238994
	30 is chosen from 66 trees
OOitr_40_100_5 : mse=1.2101412707246 ,acc=1.0
	40 is chosen from 100 trees
OOitr_50_66_5 : mse=3.531753852765242 ,acc=0.9937106918238994
	50 is chosen from 66 trees
OOitr_30_140_3 : mse=0.25074151144488005 ,acc=0.9937106918238994
	30 is chosen from 140 trees
OOitr_40_140_3 : mse=0.3601366316190607 ,acc=1.0
	40 is chosen from 140 trees
OOitr_50_140_3 : mse=0.609478033147956 ,acc=1.0
	50 is chosen from 140 trees
OOitr_30_200_5 : mse=0.23632497871322564 ,acc=0.9937106918238994
	30 is chosen from 200 trees
OOitr_40_200_5 : mse=0.2646514074957876 ,acc=0.9937106918238994
	40 is chosen from 200 trees
OOitr_50_200_5 : mse=0.2963115036469194 ,acc=0.9937106918238994
	50 is chosen from 200 trees

origin   		odd_0    		even_0   		odd_1    		even_1   		odd_3    		even_3   		k+1 odd_1		k+1 even_1		k+1 odd_3		k+1 even_3		oo_15    		oo_20    		oo_25    		oo_15    		oo_20    		oo_25    		oo_15_1  		oo_20_2  		oo_25_3  		oo_15_4  		oo_20_5  		oo_25_6  		label
-4.51916 		-2.16642 		-2.35274 		-2.16642 		-2.44703 		-2.25645 		-2.53334 		-4.13395 		-4.66801 		-4.1651  		-4.7081  		-1.26196 		-1.56358 		-1.80604 		-1.57577 		-1.56358 		-2.55023 		-1.02261 		-1.07355 		-1.27641 		-0.974888		-1.00084 		-0.993111		0.0      
-3.8425  		-1.89733 		-1.94518 		-1.89733 		-2.02851 		-1.97697 		-2.10485 		-3.61944 		-3.85707 		-3.64699 		-3.89253 		-1.27845 		-1.49356 		-1.80013 		-1.52915 		-1.49356 		-2.33575 		-1.01602 		-1.0112  		-1.06924 		-0.999548		-1.04946 		-1.07068 		0.0      
-2.99044 		-1.34444 		-1.646   		-1.34444 		-1.74029 		-1.43448 		-1.82659 		-2.5044  		-3.27482 		-2.53555 		-3.31491 		-0.925263		-1.09048 		-1.12371 		-1.22935 		-1.09048 		-1.77558 		-0.752322		-0.825965		-0.996868		-0.796768		-0.81086 		-0.870231		0.0      
-3.4829  		-1.49656 		-1.98634 		-1.49656 		-2.06412 		-1.5714  		-2.1363  		-2.8362  		-3.94111 		-2.8618  		-3.97487 		-1.00176 		-1.1876  		-1.41828 		-1.21108 		-1.1876  		-1.89873 		-0.850917		-1.03912 		-1.13631 		-0.827282		-0.88982 		-0.923159		0.0      
-2.24586 		-1.09724 		-1.14862 		-1.09724 		-1.13751 		-1.08656 		-1.12724 		-2.18351 		-2.26554 		-2.17984 		-2.26075 		-0.897936		-1.12631 		-1.28899 		-0.990382		-1.12631 		-1.51997 		-0.517228		-0.626533		-0.715382		-0.547509		-0.56231 		-0.564852		0.0      
-5.03796 		-2.27541 		-2.76254 		-2.27541 		-2.85683 		-2.36544 		-2.94314 		-4.35171 		-5.48622 		-4.38285 		-5.52632 		-1.40581 		-1.69497 		-2.01413 		-1.67034 		-1.69497 		-2.64481 		-1.13576 		-1.26225 		-1.46946 		-1.04546 		-1.10764 		-1.14725 		0.0      
-4.18825 		-2.08943 		-2.09882 		-2.08943 		-2.18771 		-2.17452 		-2.26943 		-3.99281 		-4.16377 		-4.02214 		-4.20182 		-1.18281 		-1.38778 		-1.5861  		-1.46815 		-1.38778 		-2.31502 		-1.01015 		-1.12537 		-1.21308 		-1.00603 		-1.09499 		-1.12989 		0.0      
-3.78148 		-2.09975 		-1.68173 		-2.09975 		-1.77062 		-2.18484 		-1.85234 		-4.01357 		-3.33805 		-4.0429  		-3.3761  		-1.23717 		-1.34283 		-1.47362 		-1.33088 		-1.34283 		-1.98897 		-1.04052 		-1.18889 		-1.27361 		-1.00603 		-1.09499 		-1.12989 		0.0      
-3.06924 		-1.3784  		-1.69084 		-1.3784  		-1.78214 		-1.46571 		-1.86592 		-2.59044 		-3.35916 		-2.62058 		-3.39812 		-1.13418 		-1.32593 		-1.37163 		-1.14399 		-1.32593 		-1.76012 		-0.892621		-0.993503		-1.04557 		-0.917733		-0.917041		-0.930682		0.0      
-4.88873 		-2.45196 		-2.43677 		-2.45196 		-2.53424 		-2.54489 		-2.62324 		-4.69758 		-4.83502 		-4.72979 		-4.87632 		-1.41708 		-1.70822 		-1.99902 		-1.58764 		-1.70822 		-2.61045 		-1.12032 		-1.23226 		-1.35702 		-1.04161 		-1.10881 		-1.13034 		0.0      
-4.51821 		-2.13264 		-2.38557 		-2.13264 		-2.47446 		-2.21773 		-2.55618 		-4.07949 		-4.73353 		-4.10882 		-4.77158 		-1.29603 		-1.59576 		-1.85654 		-1.53062 		-1.59576 		-2.33788 		-0.997084		-1.16121 		-1.30308 		-0.999223		-1.05449 		-1.08867 		0.0      
-4.70212 		-2.17711 		-2.52501 		-2.17711 		-2.61632 		-2.26441 		-2.7001  		-4.16162 		-5.01133 		-4.19177 		-5.05029 		-1.31384 		-1.58764 		-1.89465 		-1.62716 		-1.58764 		-2.63018 		-1.07176 		-1.1822  		-1.30792 		-1.11986 		-1.17586 		-1.20757 		0.0      
-4.71754 		-2.25163 		-2.46591 		-2.25163 		-2.5548  		-2.33672 		-2.63652 		-4.31606 		-4.89432 		-4.34539 		-4.93236 		-1.28171 		-1.58144 		-1.84222 		-1.56922 		-1.58144 		-2.41609 		-1.00105 		-1.16517 		-1.31182 		-1.01106 		-1.0959  		-1.14827 		0.0      
-4.40161 		-2.11394 		-2.28767 		-2.11394 		-2.38514 		-2.20687 		-2.47413 		-4.02605 		-4.53885 		-4.05827 		-4.58015 		-1.28004 		-1.48629 		-1.63173 		-1.6133  		-1.48629 		-2.5154  		-1.07622 		-1.12569 		-1.30877 		-1.06128 		-1.11618 		-1.19091 		0.0      
-4.43733 		-2.14966 		-2.28767 		-2.14966 		-2.38514 		-2.2426  		-2.47413 		-4.09748 		-4.53885 		-4.1297  		-4.58015 		-1.28004 		-1.48629 		-1.63173 		-1.6133  		-1.48629 		-2.5154  		-1.07622 		-1.12569 		-1.30877 		-1.07342 		-1.12832 		-1.20304 		0.0      
-3.94608 		-2.17251 		-1.77357 		-2.17251 		-1.85135 		-2.24735 		-1.92353 		-4.17988 		-3.51705 		-4.20548 		-3.55081 		-1.2532  		-1.57657 		-1.91469 		-1.33699 		-1.57657 		-1.91966 		-0.943859		-1.06833 		-1.18809 		-0.943051		-0.961517		-1.01326 		0.0      
-3.84523 		-2.14138 		-1.70385 		-2.14138 		-1.79813 		-2.23142 		-1.88444 		-4.09229 		-3.37908 		-4.12343 		-3.41917 		-1.24995 		-1.44084 		-1.7447  		-1.53594 		-1.44084 		-2.07075 		-1.01788 		-1.12697 		-1.22554 		-1.00111 		-1.04894 		-1.10766 		0.0      
-3.82643 		-2.07276 		-1.75367 		-2.07276 		-1.83145 		-2.1476  		-1.90363 		-3.98357 		-3.4805  		-4.00917 		-3.51426 		-1.17869 		-1.41257 		-1.56599 		-1.25219 		-1.41257 		-1.74608 		-0.99742 		-1.10291 		-1.20738 		-0.99324 		-1.07359 		-1.13265 		0.0      
-4.53409 		-2.3662  		-2.16788 		-2.3662  		-2.26217 		-2.45623 		-2.34848 		-4.53388 		-4.29892 		-4.56502 		-4.33902 		-1.43737 		-1.76057 		-2.06337 		-1.56955 		-1.76057 		-2.3697  		-1.0499  		-1.12368 		-1.27972 		-1.03969 		-1.0549  		-1.08291 		0.0      
-2.89134 		-1.61893 		-1.27241 		-1.61893 		-1.3667  		-1.70896 		-1.453   		-3.05599 		-2.52882 		-3.08713 		-2.56892 		-0.971296		-1.14048 		-1.23227 		-1.1902  		-1.14048 		-1.70572 		-0.654115		-0.749202		-0.8654  		-0.682706		-0.698567		-0.736942		0.0      
-1.37837 		-0.878366		-0.500006		-0.878366		-0.514291		-0.892143		-0.527577		-1.71111 		-0.981878		-1.71582 		-0.988092		-0.228644		-0.245925		-0.2917  		-0.559863		-0.245925		-0.856175		-0.363683		-0.432172		-0.447665		-0.413153		-0.468389		-0.496282		0.0      
-3.80382 		-2.28338 		-1.52045 		-2.28338 		-1.61175 		-2.37068 		-1.69553 		-4.37862 		-3.01118 		-4.40876 		-3.05015 		-1.14602 		-1.27988 		-1.4908  		-1.36549 		-1.27988 		-1.95486 		-0.983139		-1.01373 		-1.05849 		-1.06004 		-1.12638 		-1.17418 		0.0      
-4.62003 		-2.41248 		-2.20755 		-2.41248 		-2.30502 		-2.50542 		-2.39402 		-4.61779 		-4.37577 		-4.65001 		-4.41706 		-1.52359 		-1.8666  		-2.18304 		-1.63889 		-1.8666  		-2.6617  		-0.977092		-1.06048 		-1.14933 		-0.967304		-0.969793		-0.951161		0.0      
-3.83109 		-1.952   		-1.8791  		-1.952   		-1.97656 		-2.04493 		-2.06556 		-3.70259 		-3.72222 		-3.7348  		-3.76351 		-1.28004 		-1.48629 		-1.63173 		-1.6133  		-1.48629 		-2.5154  		-0.92696 		-1.02163 		-1.05833 		-0.994655		-0.975531		-0.975076		0.0      
-4.42091 		-2.5663  		-1.85461 		-2.5663  		-1.95053 		-2.65782 		-2.03822 		-4.93446 		-3.67668 		-4.96616 		-3.71739 		-1.24877 		-1.4387  		-1.79685 		-1.47107 		-1.4387  		-2.10266 		-1.00854 		-1.06747 		-1.17955 		-1.08028 		-1.14516 		-1.19109 		0.0      
-2.01881 		-1.04327 		-0.97554 		-1.04327 		-1.06016 		-1.12443 		-1.13823 		-1.9303  		-1.94355 		-1.95819 		-1.97996 		-0.792434		-0.722525		-0.881195		-0.606184		-0.722525		-0.678665		-0.816619		-0.901467		-0.942301		-0.746892		-0.764668		-0.770654		0.0      
-4.61122 		-2.1707  		-2.44052 		-2.1707  		-2.53798 		-2.26364 		-2.62698 		-4.13961 		-4.84421 		-4.17183 		-4.8855  		-1.28004 		-1.48629 		-1.63173 		-1.6133  		-1.48629 		-2.5154  		-1.08324 		-1.23048 		-1.38416 		-1.10071 		-1.13261 		-1.21976 		0.0      
-6.04685 		-2.93349 		-3.11336 		-2.93349 		-3.21082 		-3.02643 		-3.29982 		-5.65777 		-6.18386 		-5.68998 		-6.22515 		-1.53305 		-1.94398 		-2.3717  		-1.79413 		-1.94398 		-2.80948 		-1.18081 		-1.34207 		-1.6212  		-1.12946 		-1.19709 		-1.27938 		0.0      
-2.94385 		-1.59724 		-1.3466  		-1.59724 		-1.43751 		-1.68419 		-1.52096 		-3.01991 		-2.66905 		-3.04992 		-2.70786 		-0.979432		-1.07642 		-1.14714 		-1.23404 		-1.07642 		-1.67919 		-0.924364		-0.99501 		-0.994114		-0.954477		-0.997031		-1.08618 		0.0      
-4.64167 		-2.20115 		-2.44052 		-2.20115 		-2.53798 		-2.29409 		-2.62698 		-4.20039 		-4.84421 		-4.2326  		-4.8855  		-1.28004 		-1.48629 		-1.63173 		-1.6133  		-1.48629 		-2.5154  		-1.08324 		-1.23048 		-1.41461 		-1.10071 		-1.13261 		-1.21976 		0.0      
-2.61407 		-1.42514 		-1.18893 		-1.42514 		-1.27984 		-1.51208 		-1.36328 		-2.68165 		-2.36438 		-2.71166 		-2.40319 		-0.789325		-0.865565		-0.910623		-0.919874		-0.865565		-1.26465 		-0.69632 		-0.780083		-0.770265		-0.712742		-0.755296		-0.844446		0.0      
-1.72578 		-0.946541		-0.779241		-0.946541		-0.793526		-0.960317		-0.806812		-1.85074 		-1.55009 		-1.85545 		-1.55631 		-0.343033		-0.399119		-0.546012		-0.482823		-0.399119		-0.568472		-0.262641		-0.262933		-0.458622		-0.154654		-0.165191		-0.19405 		0.0      
-4.72245 		-2.21956 		-2.50288 		-2.21956 		-2.60035 		-2.3125  		-2.68935 		-4.23734 		-4.969   		-4.26955 		-5.01029 		-1.28004 		-1.48629 		-1.63173 		-1.6133  		-1.48629 		-2.5154  		-1.15335 		-1.31491 		-1.46469 		-1.09793 		-1.1314  		-1.18218 		0.0      
-2.46023 		-1.57951 		-0.880722		-1.57951 		-0.930722		-1.62766 		-0.977128		-3.05371 		-1.75143 		-3.0702  		-1.77312 		-0.482526		-0.668894		-0.798972		-0.762392		-0.668894		-1.27656 		-0.460096		-0.475868		-0.570782		-0.359244		-0.355716		-0.351777		0.0      
-2.67971 		-1.65969 		-1.02002 		-1.65969 		-1.07002 		-1.70784 		-1.11643 		-3.21402 		-2.02917 		-3.2305  		-2.05086 		-0.581856		-0.780657		-0.936695		-0.760614		-0.780657		-1.27174 		-0.4958  		-0.534684		-0.66437 		-0.416726		-0.427723		-0.441364		0.0      
-3.0265  		-1.7464  		-1.28011 		-1.7464  		-1.37102 		-1.83334 		-1.45446 		-3.31914 		-2.5438  		-3.34915 		-2.58261 		-0.737698		-0.864652		-0.998367		-1.05753 		-0.864652		-1.56221 		-0.707461		-0.778107		-0.746763		-0.723984		-0.766539		-0.855689		0.0      
-2.72108 		-1.34122 		-1.37986 		-1.34122 		-1.46448 		-1.42238 		-1.54255 		-2.52084 		-2.74608 		-2.54874 		-2.78249 		-0.921453		-0.88714 		-1.10516 		-0.777831		-0.88714 		-0.974047		-0.898593		-0.983441		-1.04705 		-0.797401		-0.815177		-0.841653		0.0      
-3.61599 		-1.96155 		-1.65444 		-1.96155 		-1.74535 		-2.04849 		-1.82879 		-3.7433  		-3.28024 		-3.77331 		-3.31906 		-1.03106 		-1.20577 		-1.36515 		-1.3717  		-1.20577 		-1.98622 		-0.962886		-1.04665 		-1.06728 		-0.965719		-1.00827 		-1.09742 		0.0      
7.51797  		3.78112  		3.73685  		3.78112  		3.83647  		3.87601  		3.92728  		7.34481  		7.42612  		7.37775  		7.46822  		1.76296  		2.24422  		2.73614  		1.90014  		2.24422  		3.00585  		1.39114  		1.64309  		2.04292  		1.28017  		1.43382  		1.56772  		1.0      
6.38958  		3.21847  		3.17112  		3.21847  		3.27074  		3.31336  		3.36155  		6.22025  		6.29519  		6.25319  		6.33729  		1.76296  		2.24422  		2.73614  		1.90014  		2.24422  		3.00585  		1.15609  		1.2571   		1.65694  		1.10253  		1.16794  		1.18688  		1.0      
6.5736   		3.39085  		3.18275  		3.39085  		3.28217  		3.48557  		3.37282  		6.56705  		6.3213   		6.59992  		6.36333  		1.53001  		1.93553  		2.38174  		1.88913  		1.93553  		2.98535  		1.29755  		1.44284  		1.64038  		1.24687  		1.38011  		1.51375  		1.0      
3.98869  		2.11284  		1.87585  		2.11284  		1.96715  		2.20015  		2.05093  		4.03447  		3.71793  		4.06461  		3.7569   		1.32653  		1.60819  		1.93138  		1.37978  		1.60819  		2.12026  		0.968761 		0.895    		1.00564  		0.934162 		0.956849 		0.975866 		1.0      
7.49753  		3.76093  		3.7366   		3.76093  		3.83622  		3.85582  		3.92703  		7.30445  		7.42561  		7.33738  		7.46771  		1.76296  		2.24422  		2.73614  		1.90014  		2.24422  		3.00585  		1.39114  		1.64309  		2.04292  		1.25998  		1.41364  		1.54728  		1.0      
7.4038   		3.71687  		3.68693  		3.71687  		3.78655  		3.81176  		3.87736  		7.21628  		7.32625  		7.24922  		7.36835  		1.76296  		2.24422  		2.73614  		1.90014  		2.24422  		3.00585  		1.38691  		1.65114  		2.05098  		1.25455  		1.36889  		1.48689  		1.0      
4.18559  		2.18307  		2.00252  		2.18307  		2.09383  		2.27037  		2.1776   		4.17512  		3.97072  		4.20526  		4.00969  		1.35594  		1.65011  		1.9739   		1.38197  		1.65011  		2.12244  		1.00853  		1.04026  		1.14136  		1.02053  		1.08347  		1.12622  		1.0      
6.61016  		3.31874  		3.29142  		3.31874  		3.39104  		3.41364  		3.48185  		6.42065  		6.53573  		6.45359  		6.57783  		1.76296  		2.24422  		2.73614  		1.90014  		2.24422  		3.00585  		1.17967  		1.32912  		1.72896  		1.10792  		1.17338  		1.23137  		1.0      
4.2096   		2.19762  		2.01198  		2.19762  		2.10328  		2.28493  		2.18706  		4.20422  		3.98951  		4.23437  		4.02848  		1.35594  		1.65959  		1.98338  		1.39146  		1.65959  		2.13193  		1.00853  		1.04026  		1.14137  		1.03507  		1.09801  		1.14077  		1.0      
4.09997  		2.10036  		1.99961  		2.10036  		2.08784  		2.18485  		2.16901  		4.01906  		3.96861  		4.04817  		4.0064   		1.25464  		1.49572  		1.87422  		1.23956  		1.49572  		1.74131  		0.980424 		1.00581  		1.16818  		0.963601 		1.005    		1.0629   		1.0      
7.37492  		3.69126  		3.68366  		3.69126  		3.78308  		3.78597  		3.87372  		7.1663   		7.3205   		7.19917  		7.36252  		1.70174  		2.15754  		2.62319  		1.88913  		2.15754  		2.98535  		1.39573  		1.73919  		2.08026  		1.23698  		1.32986  		1.42462  		1.0      
6.36506  		3.09647  		3.26859  		3.09647  		3.36026  		3.1841   		3.44434  		5.99597  		6.49416  		6.02623  		6.53326  		1.65615  		2.07407  		2.46699  		1.84549  		2.07407  		2.75073  		1.35638  		1.67198  		2.03667  		1.1983   		1.31164  		1.37478  		1.0      
6.11135  		3.11872  		2.99264  		3.11872  		3.08639  		3.20826  		3.17224  		6.03837  		5.94655  		6.06934  		5.98644  		1.4081   		1.73598  		2.10251  		1.63535  		1.73598  		2.52815  		1.23575  		1.46652  		1.70613  		1.16474  		1.30388  		1.45006  		1.0      
7.14692  		3.53411  		3.61282  		3.53411  		3.71224  		3.62882  		3.80288  		6.85222  		7.17895  		6.88509  		7.22098  		1.70174  		2.15754  		2.62319  		1.88913  		2.15754  		2.98535  		1.29189  		1.59601  		1.92993  		1.19594  		1.27169  		1.37187  		1.0      
3.56915  		1.61473  		1.95442  		1.61473  		2.04265  		1.69922  		2.12382  		3.05244  		3.88007  		3.08155  		3.91787  		1.20055  		1.35764  		1.55376  		1.1856   		1.35764  		1.63695  		1.02552  		1.14961  		1.31206  		0.925719 		0.947002 		1.00504  		1.0      
6.76787  		3.36387  		3.404    		3.36387  		3.50362  		3.45876  		3.59443  		6.51092  		6.7609   		6.54386  		6.803    		1.76296  		2.24422  		2.73614  		1.90014  		2.24422  		3.00585  		1.28341  		1.4998   		1.89964  		1.12793  		1.20811  		1.27035  		1.0      
7.15438  		3.55475  		3.59963  		3.55475  		3.69905  		3.64947  		3.7897   		6.89354  		7.15268  		6.92641  		7.19471  		1.70174  		2.15754  		2.62319  		1.88913  		2.15754  		2.98535  		1.30317  		1.61773  		1.93919  		1.21819  		1.29533  		1.39775  		1.0      
4.26539  		2.18769  		2.0777   		2.18769  		2.16937  		2.27533  		2.25346  		4.18445  		4.12437  		4.21472  		4.16347  		1.24731  		1.34539  		1.53062  		1.26649  		1.34539  		2.17173  		1.08855  		1.26957  		1.39677  		1.03904  		1.05438  		1.10235  		1.0      
7.04103  		3.67622  		3.36481  		3.67622  		3.46443  		3.77111  		3.55524  		7.13509  		6.6822   		7.16803  		6.7243   		1.76296  		2.24422  		2.73614  		1.90014  		2.24422  		3.00585  		1.28356  		1.52183  		1.92167  		1.17545  		1.27483  		1.37412  		1.0      
5.89927  		2.95526  		2.94401  		2.95526  		3.04343  		3.04998  		3.13407  		5.6985   		5.84423  		5.73137  		5.88626  		1.37331  		1.75182  		2.11415  		1.88913  		1.75182  		2.98535  		1.19852  		1.35177  		1.45955  		1.07842  		1.1276   		1.17924  		1.0      
7.06331  		3.64744  		3.41587  		3.64744  		3.51549  		3.74234  		3.6063   		7.07741  		6.78399  		7.11034  		6.82609  		1.76296  		2.24422  		2.73614  		1.90014  		2.24422  		3.00585  		1.21261  		1.47878  		1.87861  		1.169    		1.25575  		1.3164   		1.0      
6.73075  		3.50832  		3.22243  		3.50832  		3.32205  		3.60322  		3.41286  		6.79949  		6.39756  		6.83243  		6.43966  		1.76296  		2.24422  		2.73614  		1.90014  		2.24422  		3.00585  		1.21042  		1.44874  		1.84857  		1.16879  		1.25558  		1.31645  		1.0      
6.03824  		3.23696  		2.80128  		3.23696  		2.9009   		3.33186  		2.99171  		6.25714  		5.55567  		6.29007  		5.59777  		1.76296  		2.24422  		2.73614  		1.90014  		2.24422  		3.00585  		1.0406   		1.16541  		1.56525  		1.05297  		1.07309  		1.0586   		1.0      
6.03884  		3.18387  		2.85498  		3.18387  		2.9546   		3.27876  		3.04541  		6.15107  		5.66309  		6.18401  		5.70519  		1.76296  		2.24422  		2.73614  		1.90014  		2.24422  		3.00585  		1.08229  		1.19514  		1.59497  		1.02516  		1.04862  		1.01431  		1.0      
5.38001  		2.80691  		2.5731   		2.80691  		2.67252  		2.90163  		2.76316  		5.40309  		5.10306  		5.43596  		5.14509  		1.35953  		1.72154  		1.93873  		1.88913  		1.72154  		2.98535  		1.09361  		1.27422  		1.39623  		1.10182  		1.09856  		1.11989  		1.0      
7.18196  		3.74379  		3.43816  		3.74379  		3.53778  		3.83869  		3.62859  		7.27006  		6.8286   		7.303    		6.8707   		1.76296  		2.24422  		2.73614  		1.90014  		2.24422  		3.00585  		1.25896  		1.51361  		1.91345  		1.1656   		1.24993  		1.32133  		1.0      
5.79875  		3.08967  		2.70908  		3.08967  		2.8085   		3.18438  		2.89914  		5.96674  		5.3751   		5.99961  		5.41713  		1.43273  		1.79427  		2.12382  		1.88913  		1.79427  		2.98535  		1.16541  		1.30385  		1.40951  		1.13237  		1.19699  		1.26826  		1.0      
6.23012  		3.19107  		3.03905  		3.19107  		3.13867  		3.28597  		3.22948  		6.16555  		6.0312   		6.19849  		6.0733   		1.76296  		2.24422  		2.73614  		1.90014  		2.24422  		3.00585  		1.15058  		1.22946  		1.62929  		1.03077  		1.07933  		1.07848  		1.0      
1.12143  		0.750024 		0.371403 		0.750024 		0.28807  		0.670381 		0.211727 		1.62233  		0.72337  		1.59477  		0.68791  		0.0436769		0.185924 		0.307462 		0.262693 		0.185924 		0.387418 		0.138033 		0.214982 		0.28129  		0.0906794		0.126803 		0.187582 		1.0      
5.37371  		2.80148  		2.57223  		2.80148  		2.67165  		2.89619  		2.7623   		5.39186  		5.10238  		5.42473  		5.1444   		1.2206   		1.47985  		1.7807   		1.88913  		1.47985  		2.98535  		1.14171  		1.24007  		1.3245   		1.10177  		1.10973  		1.15082  		1.0      
3.92576  		2.12864  		1.79712  		2.12864  		1.89087  		2.21818  		1.97673  		4.06513  		3.56252  		4.0961   		3.60241  		1.13236  		1.26031  		1.4778   		1.52758  		1.26031  		2.2174   		1.15477  		1.25372  		1.29613  		1.03725  		1.09983  		1.15147  		1.0      
4.97994  		2.72344  		2.2565   		2.72344  		2.35592  		2.81816  		2.44656  		5.23656  		4.47171  		5.26942  		4.51374  		1.20223  		1.47946  		1.68418  		1.88913  		1.47946  		2.98535  		1.11105  		1.21989  		1.24722  		1.04344  		1.02625  		1.03831  		1.0      
7.05187  		3.64691  		3.40495  		3.64691  		3.50457  		3.74181  		3.59538  		7.07635  		6.76219  		7.10929  		6.80429  		1.76296  		2.24422  		2.73614  		1.90014  		2.24422  		3.00585  		1.21264  		1.4673   		1.86714  		1.16905  		1.25572  		1.31644  		1.0      
6.91107  		3.64495  		3.26612  		3.64495  		3.36574  		3.73985  		3.45655  		7.07231  		6.48445  		7.10524  		6.52655  		1.76296  		2.24422  		2.73614  		1.90014  		2.24422  		3.00585  		1.19094  		1.47742  		1.87725  		1.11047  		1.15715  		1.17607  		1.0      
5.14326  		2.75909  		2.38418  		2.75909  		2.4836   		2.8538   		2.57424  		5.30764  		4.72621  		5.34051  		4.76823  		1.24717  		1.57975  		1.79695  		1.88913  		1.57975  		2.98535  		1.06286  		1.15642  		1.25527  		1.10183  		1.09859  		1.11992  		1.0      
4.66572  		2.51879  		2.14692  		2.51879  		2.24634  		2.61351  		2.33699  		4.82811  		4.25279  		4.86098  		4.29482  		1.1747   		1.45195  		1.64391  		1.88913  		1.45195  		2.98535  		1.01771  		1.11127  		1.12623  		1.02148  		0.994655 		0.990753 		1.0      
6.03216  		3.17721  		2.85495  		3.17721  		2.95457  		3.27211  		3.04538  		6.13777  		5.66303  		6.17071  		5.70513  		1.76296  		2.24422  		2.73614  		1.90014  		2.24422  		3.00585  		1.08229  		1.19514  		1.59497  		1.0251   		1.04861  		1.01435  		1.0      
6.91107  		3.64495  		3.26612  		3.64495  		3.36574  		3.73985  		3.45655  		7.07231  		6.48445  		7.10524  		6.52655  		1.76296  		2.24422  		2.73614  		1.90014  		2.24422  		3.00585  		1.19094  		1.47742  		1.87725  		1.11047  		1.15715  		1.17607  		1.0      
5.99464  		3.2157   		2.77894  		3.2157   		2.87856  		3.3106   		2.96937  		6.21462  		5.51106  		6.24756  		5.55316  		1.76296  		2.24422  		2.73614  		1.90014  		2.24422  		3.00585  		1.04076  		1.14302  		1.54285  		1.03829  		1.05852  		1.04414  		1.0      
4.24085  		2.0206   		2.22025  		2.0206   		2.31225  		2.10854  		2.39662  		3.85133  		4.40578  		3.88171  		4.44501  		1.29208  		1.44803  		1.60113  		1.29283  		1.44803  		2.16836  		0.986647 		1.12995  		1.34678  		1.00833  		1.07014  		1.11204  		1.0      
3.60443  		1.74024  		1.86419  		1.74024  		1.95169  		1.82406  		2.03222  		3.30789  		3.70442  		3.33675  		3.74193  		1.11023  		1.12036  		1.33665  		0.932328 		1.12036  		1.13412  		0.995448 		1.04946  		1.26098  		0.931384 		0.981129 		1.06059  		1.0      
6.6331   		3.31676  		3.31634  		3.31676  		3.41576  		3.41148  		3.50641  		6.41823  		6.58658  		6.4511   		6.6286   		1.66884  		2.12406  		2.59042  		1.88913  		2.12406  		2.98535  		1.18647  		1.44184  		1.73166  		1.1652   		1.25229  		1.3556   		1.0      
6.95705  		3.42594  		3.53111  		3.42594  		3.63073  		3.52084  		3.72154  		6.63501  		7.01493  		6.66795  		7.05703  		1.76296  		2.24422  		2.73614  		1.90014  		2.24422  		3.00585  		1.2653   		1.42025  		1.82009  		1.12207  		1.22673  		1.30443  		1.0      
3.46819  		1.65644  		1.81175  		1.65644  		1.89925  		1.74025  		1.97979  		3.14119  		3.60009  		3.17005  		3.63761  		1.09883  		1.10871  		1.30119  		0.897053 		1.10871  		1.06412  		1.01685  		1.1131   		1.33518  		0.913364 		0.963124 		1.03526  		1.0      
7.48939  		3.71899  		3.77039  		3.71899  		3.87001  		3.81389  		3.96082  		7.22059  		7.4931   		7.25353  		7.5352   		1.76296  		2.24422  		2.73614  		1.90014  		2.24422  		3.00585  		1.37488  		1.66376  		2.06359  		1.26733  		1.42207  		1.55595  		1.0      
7.04417  		3.48061  		3.56356  		3.48061  		3.66298  		3.57533  		3.75362  		6.74557  		7.08069  		6.77844  		7.12271  		1.66884  		2.12406  		2.59042  		1.88913  		2.12406  		2.98535  		1.30291  		1.59515  		1.89789  		1.20268  		1.31983  		1.43454  		1.0      
2.19483  		1.30148  		0.893342 		1.30148  		0.960008 		1.32788  		0.985335 		2.50762  		1.81562  		2.51674  		1.82739  		0.590956 		0.71346  		0.867995 		0.578845 		0.71346  		0.911257 		0.411634 		0.53016  		0.589963 		0.352392 		0.381261 		0.422349 		1.0      
5.85242  		3.12832  		2.7241   		3.12832  		2.82352  		3.22303  		2.91416  		6.04169  		5.4039   		6.07455  		5.44592  		1.45736  		1.91594  		2.38597  		1.88913  		1.91594  		2.98535  		1.07208  		1.1279   		1.21331  		1.0485   		1.0559   		1.07674  		1.0      
6.07443  		3.09094  		2.98349  		3.09094  		3.08311  		3.18584  		3.17392  		5.96517  		5.91997  		5.9981   		5.96207  		1.76296  		2.24422  		2.73614  		1.90014  		2.24422  		3.00585  		1.09253  		1.24295  		1.64278  		1.03461  		1.02611  		0.993219 		1.0      
3.31135  		1.75819  		1.55316  		1.75819  		1.6467   		1.84755  		1.73239  		3.32755  		3.07705  		3.35845  		3.11686  		1.02251  		1.13195  		1.23013  		1.41715  		1.13195  		2.05068  		1.05074  		1.16434  		1.15696  		1.05153  		1.11476  		1.19266  		1.0      
7.25441  		3.71956  		3.53484  		3.71956  		3.63446  		3.81446  		3.72527  		7.22147  		7.02188  		7.2544   		7.06398  		1.76296  		2.24422  		2.73614  		1.90014  		2.24422  		3.00585  		1.3218   		1.62053  		2.02036  		1.16249  		1.22809  		1.25626  		1.0      
6.0737   		3.11802  		2.95568  		3.11802  		3.0553   		3.21292  		3.14611  		6.01955  		5.86459  		6.05249  		5.90669  		1.76296  		2.24422  		2.73614  		1.90014  		2.24422  		3.00585  		1.11109  		1.172    		1.57183  		1.03957  		1.04321  		1.02031  		1.0      
7.22668  		3.73529  		3.49139  		3.73529  		3.59101  		3.83018  		3.68182  		7.25308  		6.93503  		7.28602  		6.97712  		1.76296  		2.24422  		2.73614  		1.90014  		2.24422  		3.00585  		1.24106  		1.51088  		1.91071  		1.17453  		1.27549  		1.37489  		1.0      
2.29604  		1.22134  		1.0747   		1.22134  		1.06041  		1.24774  		1.08574  		2.44145  		2.09834  		2.45057  		2.11012  		0.451327 		0.671128 		0.714269 		0.313191 		0.671128 		0.651048 		0.375272 		0.484239 		0.581846 		0.345248 		0.416537 		0.486891 		1.0      
7.05187  		3.66726  		3.38461  		3.66726  		3.48423  		3.76215  		3.57504  		7.11691  		6.72138  		7.14984  		6.76348  		1.76296  		2.24422  		2.73614  		1.90014  		2.24422  		3.00585  		1.24774  		1.5465   		1.94634  		1.13228  		1.19872  		1.22643  		1.0      
6.28794  		3.26664  		3.0213   		3.26664  		3.12072  		3.36136  		3.21136  		6.31873  		5.99743  		6.3516   		6.03945  		1.50341  		1.94178  		2.41184  		1.88913  		1.94178  		2.98535  		1.17461  		1.35491  		1.52288  		1.15104  		1.20852  		1.2859   		1.0      
6.05564  		3.15413  		2.9015   		3.15413  		3.00112  		3.24903  		3.09193  		6.09169  		5.75611  		6.12462  		5.7982   		1.76296  		2.24422  		2.73614  		1.90014  		2.24422  		3.00585  		1.05743  		1.19354  		1.59338  		1.04002  		1.05222  		1.03235  		1.0      
5.87254  		3.01153  		2.86101  		3.01153  		2.96063  		3.10643  		3.05144  		5.80662  		5.67528  		5.83956  		5.71738  		1.76296  		2.24422  		2.73614  		1.90014  		2.24422  		3.00585  		1.09393  		1.15484  		1.55467  		0.995649 		0.969648 		0.91721  		1.0      
3.57597  		1.72175  		1.85422  		1.72175  		1.932    		1.79659  		2.00418  		3.28693  		3.68085  		3.31252  		3.71462  		1.42726  		1.70633  		1.93483  		1.54961  		1.70633  		1.83478  		1.07777  		1.24498  		1.50217  		0.991345 		1.04328  		1.06348  		1.0      
1.98487  		1.30773  		0.677142 		1.30773  		0.743809 		1.33412  		0.769136 		2.51591  		1.37904  		2.52503  		1.39082  		0.413663 		0.613567 		0.724395 		0.768947 		0.613567 		1.30058  		0.349729 		0.404383 		0.481578 		0.330388 		0.343525 		0.380806 		1.0      
5.92493  		3.0949   		2.83003  		3.0949   		2.92965  		3.1898   		3.02046  		5.97325  		5.6132   		6.00618  		5.6553   		1.76296  		2.24422  		2.73614  		1.90014  		2.24422  		3.00585  		1.0403   		1.17641  		1.57624  		1.00815  		1.00349  		0.976074 		1.0      
6.1924   		3.14588  		3.04652  		3.14588  		3.14614  		3.24078  		3.23695  		6.07518  		6.0461   		6.10812  		6.0882   		1.76296  		2.24422  		2.73614  		1.90014  		2.24422  		3.00585  		1.1617   		1.25265  		1.65249  		1.01569  		1.06976  		1.05583  		1.0      
5.97315  		3.12505  		2.8481   		3.12505  		2.94752  		3.21976  		3.03816  		6.03602  		5.65165  		6.06889  		5.69368  		1.40537  		1.84377  		2.3138   		1.88913  		1.84377  		2.98535  		1.11954  		1.2728   		1.38504  		1.09733  		1.13787  		1.20786  		1.0      
6.04487  		3.12085  		2.92401  		3.12085  		3.02344  		3.21556  		3.11408  		6.0268   		5.80301  		6.05967  		5.84503  		1.52808  		1.98664  		2.45668  		1.88913  		1.98664  		2.98535  		1.15887  		1.28938  		1.3568   		1.05285  		1.05139  		1.07185  		1.0      
5.90043  		3.1201   		2.78034  		3.1201   		2.87995  		3.21499  		2.97077  		6.02351  		5.51383  		6.05644  		5.55593  		1.76296  		2.24422  		2.73614  		1.90014  		2.24422  		3.00585  		1.01993  		1.14264  		1.54247  		1.04607  		1.04403  		1.01053  		1.0      
3.71142  		2.01132  		1.7001   		2.01132  		1.79365  		2.10068  		1.87933  		3.83149  		3.36848  		3.86239  		3.40829  		1.13598  		1.28669  		1.46227  		1.48337  		1.28669  		2.20845  		1.08399  		1.23643  		1.30021  		1.03581  		1.06372  		1.11156  		1.0      
5.87156  		3.07646  		2.79511  		3.07646  		2.89473  		3.17135  		2.98554  		5.9364   		5.54353  		5.96933  		5.58563  		1.76296  		2.24422  		2.73614  		1.90014  		2.24422  		3.00585  		1.07911  		1.16397  		1.56381  		0.959937 		0.9653   		0.931236 		1.0      
3.35605  		1.77717  		1.57888  		1.77717  		1.67243  		1.86653  		1.75811  		3.36517  		3.12786  		3.39607  		3.16767  		1.03665  		1.15771  		1.26791  		1.41715  		1.15771  		2.0643   		1.07673  		1.20606  		1.21045  		0.994659 		1.02923  		1.05186  		1.0      
6.71688  		3.16491  		3.55198  		3.16491  		3.6516   		3.2598   		3.74241  		6.11279  		7.05646  		6.14573  		7.09856  		1.76296  		2.24422  		2.73614  		1.90014  		2.24422  		3.00585  		1.25887  		1.50647  		1.90631  		1.13349  		1.15843  		1.20481  		1.0      
5.95681  		2.90394  		3.05287  		2.90394  		3.15249  		2.99883  		3.2433   		5.59145  		6.0588   		5.62438  		6.1009   		1.76296  		2.24422  		2.73614  		1.90014  		2.24422  		3.00585  		1.10445  		1.1793   		1.57913  		1.00126  		1.00695  		0.955115 		1.0      
3.73687  		1.67243  		2.06445  		1.67243  		2.15111  		1.75547  		2.23094  		3.16791  		4.09972  		3.1965   		4.13691  		1.10734  		1.23817  		1.41798  		1.22974  		1.23817  		1.69532  		1.08195  		1.16414  		1.27225  		1.02088  		1.06332  		1.10922  		1.0      
6.59979  		3.13658  		3.4632   		3.13658  		3.56262  		3.2313   		3.65327  		6.05908  		6.88084  		6.09195  		6.92286  		1.70818  		2.12758  		2.50412  		1.88913  		2.12758  		2.98535  		1.39175  		1.69509  		2.0213   		1.20967  		1.31206  		1.36294  		1.0      
6.08106  		2.88849  		3.19257  		2.88849  		3.29219  		2.98338  		3.383    		5.5605   		6.33816  		5.59344  		6.38026  		1.76296  		2.24422  		2.73614  		1.90014  		2.24422  		3.00585  		1.09604  		1.19682  		1.59666  		1.0737   		1.12904  		1.1252   		1.0      
5.36215  		2.52824  		2.83391  		2.52824  		2.93334  		2.62295  		3.02398  		4.84479  		5.62606  		4.87765  		5.66809  		1.29282  		1.63369  		2.01819  		1.88913  		1.63369  		2.98535  		1.19729  		1.36251  		1.41302  		1.12534  		1.18235  		1.22461  		1.0      
3.95627  		1.78106  		2.17521  		1.78106  		2.26187  		1.86411  		2.3417   		3.3822   		4.31795  		3.41079  		4.35514  		1.09843  		1.31037  		1.50043  		1.39564  		1.31037  		2.05537  		1.07352  		1.17056  		1.22105  		1.02951  		1.09456  		1.14495  		1.0      
5.91943  		2.86112  		3.05832  		2.86112  		3.15794  		2.95601  		3.24875  		5.50578  		6.06974  		5.53872  		6.11184  		1.76296  		2.24422  		2.73614  		1.90014  		2.24422  		3.00585  		1.10633  		1.19013  		1.58997  		1.00008  		1.00542  		0.946686 		1.0      
4.96454  		2.49367  		2.47087  		2.49367  		2.57029  		2.58839  		2.66093  		4.77662  		4.90218  		4.80949  		4.9442   		1.22194  		1.49819  		1.79799  		1.88913  		1.49819  		2.98535  		1.13671  		1.30806  		1.34642  		1.11785  		1.15439  		1.19985  		1.0      
6.8531   		3.25782  		3.59528  		3.25782  		3.6949   		3.35272  		3.78571  		6.29863  		7.14309  		6.33156  		7.18519  		1.76296  		2.24422  		2.73614  		1.90014  		2.24422  		3.00585  		1.27123  		1.50004  		1.89987  		1.18746  		1.27235  		1.32277  		1.0      
6.16905  		2.85582  		3.31323  		2.85582  		3.41285  		2.95071  		3.50366  		5.49518  		6.57943  		5.52811  		6.62153  		1.76296  		2.24422  		2.73614  		1.90014  		2.24422  		3.00585  		1.1357   		1.2304   		1.63024  		1.03547  		1.0674   		1.06537  		1.0      
4.69452  		2.32234  		2.37218  		2.32234  		2.4716   		2.41705  		2.56224  		4.43519  		4.70502  		4.46806  		4.74704  		1.22195  		1.46871  		1.76055  		1.88913  		1.46871  		2.98535  		1.10948  		1.2709   		1.27463  		1.08933  		1.10143  		1.13515  		1.0      
0.813779 		0.246975 		0.566804 		0.246975 		0.552518 		0.233199 		0.539233 		0.525255 		1.13657  		0.520543 		1.13036  		0.0769651		0.224702 		0.235351 		-0.164001		0.224702 		-0.126873		-0.00902282		0.131104 		0.183919 		-0.0904043		-0.0796152		-0.0393976		1.0      
6.48683  		3.19106  		3.29577  		3.19106  		3.39519  		3.28578  		3.48583  		6.16705  		6.54588  		6.19992  		6.5879   		1.58005  		2.03861  		2.50865  		1.88913  		2.03861  		2.98535  		1.25999  		1.426    		1.61118  		1.13305  		1.16867  		1.22115  		1.0      
6.54558  		3.25932  		3.28626  		3.25932  		3.38568  		3.35403  		3.47633  		6.30342  		6.52707  		6.33629  		6.56909  		1.54338  		2.00195  		2.47199  		1.88913  		2.00195  		2.98535  		1.24569  		1.41006  		1.59524  		1.18328  		1.24206  		1.31839  		1.0      
2.84649  		1.40248  		1.44402  		1.40248  		1.52179  		1.47732  		1.59397  		2.65107  		2.87709  		2.67667  		2.91085  		0.815347 		0.970555 		1.16174  		0.888524 		0.970555 		1.31751  		0.709657 		0.826732 		0.929326 		0.654345 		0.695942 		0.733544 		1.0      
6.80421  		3.22571  		3.57849  		3.22571  		3.67811  		3.32061  		3.76892  		6.2345   		7.10958  		6.26743  		7.15168  		1.76296  		2.24422  		2.73614  		1.90014  		2.24422  		3.00585  		1.27755  		1.52905  		1.92888  		1.18893  		1.27576  		1.33099  		1.0      
6.02223  		2.82409  		3.19814  		2.82409  		3.29776  		2.91898  		3.38857  		5.43184  		6.34947  		5.46477  		6.39157  		1.76296  		2.24422  		2.73614  		1.90014  		2.24422  		3.00585  		1.17372  		1.29989  		1.69973  		1.04027  		1.07058  		1.06259  		1.0      
5.85146  		2.84172  		3.00974  		2.84172  		3.10936  		2.93661  		3.20017  		5.46678  		5.97247  		5.49971  		6.01456  		1.76296  		2.24422  		2.73614  		1.90014  		2.24422  		3.00585  		1.06393  		1.19717  		1.597    		1.00543  		0.953714 		0.901238 		1.0      
6.70101  		3.47881  		3.2222   		3.47881  		3.32182  		3.57371  		3.41263  		6.74001  		6.39641  		6.77295  		6.43851  		1.76296  		2.24422  		2.73614  		1.90014  		2.24422  		3.00585  		1.18727  		1.55337  		1.9532   		1.07208  		1.08494  		1.05631  		1.0      
5.78158  		3.11256  		2.66902  		3.11256  		2.76864  		3.20746  		2.85945  		6.00839  		5.29133  		6.04133  		5.33343  		1.76296  		2.24422  		2.73614  		1.90014  		2.24422  		3.00585  		1.02979  		1.10659  		1.50642  		1.01662  		1.01911  		0.975482 		1.0      
5.66152  		2.89214  		2.76938  		2.89214  		2.8688   		2.98686  		2.95944  		5.56989  		5.49376  		5.60276  		5.53579  		1.52109  		1.95946  		2.42952  		1.88913  		1.95946  		2.98535  		1.095    		1.2529   		1.4004   		1.06606  		1.07893  		1.06579  		1.0      
5.71472  		3.03845  		2.67627  		3.03845  		2.77569  		3.13316  		2.86633  		5.86188  		5.3073   		5.89475  		5.34933  		1.54338  		2.00195  		2.47199  		1.88913  		2.00195  		2.98535  		1.03124  		1.17607  		1.29878  		1.02029  		0.983166 		0.95439  		1.0      
7.06108  		3.56427  		3.49682  		3.56427  		3.59624  		3.65898  		3.68688  		6.91186  		6.94614  		6.94473  		6.98817  		1.80937  		2.28524  		2.75527  		1.88913  		2.28524  		2.98535  		1.34826  		1.6338   		1.97316  		1.23252  		1.33104  		1.37279  		1.0      
5.56686  		2.98503  		2.58183  		2.98503  		2.68125  		3.07975  		2.77189  		5.75512  		5.11847  		5.78799  		5.16049  		1.53873  		1.99729  		2.46733  		1.88913  		1.99729  		2.98535  		1.03362  		1.20282  		1.27909  		0.986244 		0.935194 		0.881135 		1.0      
5.71472  		3.03845  		2.67627  		3.03845  		2.77569  		3.13316  		2.86633  		5.86188  		5.3073   		5.89475  		5.34933  		1.54338  		2.00195  		2.47199  		1.88913  		2.00195  		2.98535  		1.03124  		1.17607  		1.29878  		1.02029  		0.983166 		0.95439  		1.0      
6.9655   		3.33534  		3.63016  		3.33534  		3.72978  		3.43023  		3.82059  		6.45341  		7.21262  		6.48634  		7.25471  		1.76296  		2.24422  		2.73614  		1.90014  		2.24422  		3.00585  		1.33011  		1.67322  		2.07305  		1.12435  		1.17602  		1.19788  		1.0      
6.78189  		3.30797  		3.47392  		3.30797  		3.57354  		3.40287  		3.66435  		6.39874  		6.90021  		6.43168  		6.94231  		1.76296  		2.24422  		2.73614  		1.90014  		2.24422  		3.00585  		1.26712  		1.61029  		2.01013  		1.12452  		1.16356  		1.18544  		1.0      
5.95681  		2.90394  		3.05287  		2.90394  		3.15249  		2.99883  		3.2433   		5.59145  		6.0588   		5.62438  		6.1009   		1.76296  		2.24422  		2.73614  		1.90014  		2.24422  		3.00585  		1.10445  		1.1793   		1.57913  		1.00126  		1.00695  		0.955115 		1.0      
1.95059  		0.785077 		1.16551  		0.785077 		1.19885  		0.817121 		1.22966  		1.5042   		2.32328  		1.51521  		2.33764  		0.496331 		0.648413 		0.726247 		0.499551 		0.648413 		0.787467 		0.417997 		0.530567 		0.592025 		0.365875 		0.366665 		0.403063 		1.0      
3.60807  		1.55135  		2.05672  		1.55135  		2.14339  		1.6344   		2.22321  		2.92469  		4.08228  		2.95327  		4.11947  		1.09843  		1.28022  		1.41774  		1.33257  		1.28022  		1.92945  		1.03782  		1.13486  		1.17095  		1.01826  		1.07247  		1.12285  		1.0      
5.13012  		2.41956  		2.71056  		2.41956  		2.80998  		2.51427  		2.90062  		4.62812  		5.38033  		4.66099  		5.42235  		1.24146  		1.5345   		1.91106  		1.88913  		1.5345   		2.98535  		1.14124  		1.30975  		1.31915  		1.07789  		1.12765  		1.17846  		1.0      
7.05622  		3.38055  		3.67567  		3.38055  		3.77529  		3.47544  		3.8661   		6.54379  		7.30359  		6.57673  		7.34569  		1.76296  		2.24422  		2.73614  		1.90014  		2.24422  		3.00585  		1.33011  		1.67322  		2.07305  		1.1697   		1.2431   		1.28883  		1.0      
5.66486  		3.00154  		2.66332  		3.00154  		2.76294  		3.09644  		2.85375  		5.78652  		5.27992  		5.81946  		5.32202  		1.76296  		2.24422  		2.73614  		1.90014  		2.24422  		3.00585  		1.00606  		1.05033  		1.45016  		0.95856  		0.928768 		0.871622 		1.0      
5.25012  		2.69149  		2.55862  		2.69149  		2.65805  		2.78621  		2.74869  		5.16938  		5.07358  		5.20225  		5.1156   		1.40537  		1.84377  		2.3138   		1.88913  		1.84377  		2.98535  		0.99996  		1.08344  		1.08047  		1.05746  		1.09474  		1.13193  		1.0      
5.62081  		3.01508  		2.60573  		3.01508  		2.70515  		3.1098   		2.79579  		5.8153   		5.16688  		5.84817  		5.2089   		1.52826  		1.9868   		2.45684  		1.88913  		1.9868   		2.98535  		0.999661 		1.09707  		1.16921  		1.03088  		1.02534  		1.03918  		1.0      
5.4342   		2.77387  		2.66032  		2.77387  		2.75974  		2.86859  		2.85039  		5.33368  		5.27639  		5.36655  		5.31842  		1.50341  		1.94178  		2.41184  		1.88913  		1.94178  		2.98535  		1.03784  		1.14841  		1.20117  		1.07914  		1.11643  		1.15364  		1.0      
5.62081  		3.01508  		2.60573  		3.01508  		2.70515  		3.1098   		2.79579  		5.8153   		5.16688  		5.84817  		5.2089   		1.52826  		1.9868   		2.45684  		1.88913  		1.9868   		2.98535  		0.999661 		1.09707  		1.16921  		1.03088  		1.02534  		1.03918  		1.0      
6.82077  		3.42498  		3.39579  		3.42498  		3.49541  		3.51988  		3.58622  		6.63239  		6.74361  		6.66533  		6.78571  		1.76296  		2.24422  		2.73614  		1.90014  		2.24422  		3.00585  		1.24105  		1.60719  		2.00703  		1.08655  		1.10681  		1.06639  		1.0      
5.42198  		2.82247  		2.59952  		2.82247  		2.69894  		2.91718  		2.78958  		5.43127  		5.15506  		5.46414  		5.19708  		1.39058  		1.81287  		2.28291  		1.88913  		1.81287  		2.98535  		1.06697  		1.17723  		1.2158   		1.04626  		1.046    		1.02734  		1.0      
5.92821  		3.04205  		2.88616  		3.04205  		2.98558  		3.13676  		3.07623  		5.86896  		5.72704  		5.90183  		5.76907  		1.52364  		1.98219  		2.45222  		1.88913  		1.98219  		2.98535  		1.14322  		1.3043   		1.41799  		1.06996  		1.07793  		1.03773  		1.0      
3.67651  		1.86076  		1.81575  		1.86076  		1.89353  		1.93561  		1.96571  		3.56445  		3.60393  		3.59005  		3.63769  		1.42725  		1.70633  		1.93483  		1.54961  		1.70633  		1.84919  		1.10089  		1.23649  		1.52309  		0.983964 		1.0589   		1.06668  		1.0      
5.90506  		2.93371  		2.97135  		2.93371  		3.07097  		3.02861  		3.16178  		5.65071  		5.89572  		5.68364  		5.93782  		1.76296  		2.24422  		2.73614  		1.90014  		2.24422  		3.00585  		1.00798  		1.11359  		1.51342  		1.00619  		1.01772  		0.993495 		1.0      
5.58214  		2.89516  		2.68698  		2.89516  		2.7866   		2.99005  		2.87741  		5.57384  		5.32733  		5.60677  		5.36943  		1.76296  		2.24422  		2.73614  		1.90014  		2.24422  		3.00585  		1.00846  		1.06693  		1.46677  		0.95746  		0.955679 		0.895422 		1.0      
5.55177  		2.98491  		2.56685  		2.98491  		2.66627  		3.07963  		2.75691  		5.75488  		5.0886   		5.78775  		5.13062  		1.52364  		1.98219  		2.45222  		1.88913  		1.98219  		2.98535  		1.01849  		1.18771  		1.26396  		0.986238 		0.935192 		0.881155 		1.0      
5.54741  		2.88352  		2.66389  		2.88352  		2.7635   		2.97842  		2.85432  		5.55057  		5.28113  		5.5835   		5.32323  		1.76296  		2.24422  		2.73614  		1.90014  		2.24422  		3.00585  		1.00846  		1.06693  		1.46677  		0.9575   		0.943076 		0.860723 		1.0      
5.73208  		3.04718  		2.6849   		3.04718  		2.78432  		3.14189  		2.87497  		5.87934  		5.32465  		5.91221  		5.36667  		1.52826  		1.9868   		2.45684  		1.88913  		1.9868   		2.98535  		1.01612  		1.16095  		1.28366  		1.03579  		1.00713  		0.978333 		1.0      
6.73356  		3.48715  		3.24641  		3.48715  		3.34603  		3.58204  		3.43684  		6.75668  		6.44483  		6.78961  		6.48693  		1.76296  		2.24422  		2.73614  		1.90014  		2.24422  		3.00585  		1.18727  		1.55337  		1.9532   		1.0876   		1.10873  		1.08005  		1.0      
5.73208  		3.04718  		2.6849   		3.04718  		2.78432  		3.14189  		2.87497  		5.87934  		5.32465  		5.91221  		5.36667  		1.52826  		1.9868   		2.45684  		1.88913  		1.9868   		2.98535  		1.01612  		1.16095  		1.28366  		1.03579  		1.00713  		0.978333 		1.0      
5.51384  		2.96746  		2.54638  		2.96746  		2.6458   		3.06217  		2.73644  		5.72002  		5.04769  		5.75289  		5.08972  		1.52826  		1.9868   		2.45684  		1.88913  		1.9868   		2.98535  		1.00089  		1.16241  		1.23868  		0.973672 		0.91295  		0.858924 		1.0      
5.78924  		2.99395  		2.79529  		2.99395  		2.89491  		3.08884  		2.98572  		5.77141  		5.5439   		5.80435  		5.586    		1.76296  		2.24422  		2.73614  		1.90014  		2.24422  		3.00585  		1.10369  		1.14047  		1.54031  		0.986901 		0.97373  		0.910993 		1.0      
5.47433  		2.74899  		2.72534  		2.74899  		2.82476  		2.8437   		2.9154   		5.28433  		5.40649  		5.3172   		5.44851  		1.37265  		1.7984   		2.26845  		1.88913  		1.7984   		2.98535  		1.02487  		1.16258  		1.23559  		0.993512 		1.00887  		0.990887 		1.0      
5.51384  		2.96746  		2.54638  		2.96746  		2.6458   		3.06217  		2.73644  		5.72002  		5.04769  		5.75289  		5.08972  		1.52826  		1.9868   		2.45684  		1.88913  		1.9868   		2.98535  		1.00089  		1.16241  		1.23868  		0.973672 		0.91295  		0.858924 		1.0      
