origin_200 mse:22.496764075787862 ,acc=1.0
odd_0_200 : mse=4.05757420349089 ,acc=1.0
even_0_200 : mse=3.9361502454921298 ,acc=1.0
odd_1_200 : mse=4.05757420349089 ,acc=1.0
even_1_200 : mse=4.309239327089389 ,acc=1.0
odd_3_200 : mse=4.419378392465245 ,acc=1.0
even_3_200 : mse=4.6657062849731545 ,acc=1.0
k+1_odd_1_200 : mse=20.975245651768788 ,acc=1.0
k+1_even_1_200 : mse=21.831247624584055 ,acc=1.0
k+1_odd_3_200 : mse=21.25628533401322 ,acc=1.0
k+1_even_3_200 : mse=22.199566785407097 ,acc=1.0
OOitr_30_100_3 : mse=0.6304228947935439 ,acc=0.9874213836477987
	30 is chosen from 100 trees
OOitr_40_100_3 : mse=1.2513250442399486 ,acc=0.9874213836477987
	40 is chosen from 100 trees
OOitr_50_100_3 : mse=2.171110447533345 ,acc=0.9937106918238994
	50 is chosen from 100 trees
OOitr_30_66_5 : mse=0.9981337884444116 ,acc=0.9874213836477987
	30 is chosen from 66 trees
OOitr_40_100_5 : mse=1.2799758986494951 ,acc=0.9874213836477987
	40 is chosen from 100 trees
OOitr_50_66_5 : mse=3.7208743530933206 ,acc=0.9874213836477987
	50 is chosen from 66 trees
OOitr_30_140_3 : mse=0.25038067542659415 ,acc=0.9874213836477987
	30 is chosen from 140 trees
OOitr_40_140_3 : mse=0.36921142587641786 ,acc=0.9874213836477987
	40 is chosen from 140 trees
OOitr_50_140_3 : mse=0.624870302002098 ,acc=0.9874213836477987
	50 is chosen from 140 trees
OOitr_30_200_5 : mse=0.2331616093841673 ,acc=0.9874213836477987
	30 is chosen from 200 trees
OOitr_40_200_5 : mse=0.2633076541411004 ,acc=0.9874213836477987
	40 is chosen from 200 trees
OOitr_50_200_5 : mse=0.3080276750276517 ,acc=0.9874213836477987
	50 is chosen from 200 trees

origin   		odd_0    		even_0   		odd_1    		even_1   		odd_3    		even_3   		k+1 odd_1		k+1 even_1		k+1 odd_3		k+1 even_3		oo_15    		oo_20    		oo_25    		oo_15    		oo_20    		oo_25    		oo_15_1  		oo_20_2  		oo_25_3  		oo_15_4  		oo_20_5  		oo_25_6  		label
-3.33792 		-1.67055 		-1.66737 		-1.67055 		-1.74237 		-1.74281 		-1.81214 		-3.18154 		-3.30595 		-3.20623 		-3.33869 		-1.1159  		-1.33411 		-1.56944 		-1.41394 		-1.30395 		-2.04335 		-0.795269		-0.874472		-0.976898		-0.892826		-0.896609		-0.922512		0.0      
-2.77981 		-1.50505 		-1.27476 		-1.50505 		-1.34976 		-1.57732 		-1.41953 		-2.86827 		-2.54177 		-2.89296 		-2.57451 		-0.951844		-1.17069 		-1.26592 		-1.0307  		-1.14053 		-1.44399 		-0.595222		-0.674426		-0.806722		-0.654801		-0.691371		-0.749895		0.0      
-4.08992 		-2.09157 		-1.99835 		-2.09157 		-2.09229 		-2.18128 		-2.1783  		-3.9854  		-3.95911 		-4.01646 		-3.99915 		-1.26112 		-1.47933 		-1.75315 		-1.63986 		-1.49132 		-2.54482 		-0.869912		-0.970919		-1.07335 		-0.926876		-0.878189		-0.86808 		0.0      
-2.8693  		-1.44934 		-1.41997 		-1.44934 		-1.49775 		-1.53335 		-1.57846 		-2.7342  		-2.81291 		-2.76317 		-2.85058 		-1.04416 		-1.24322 		-1.43339 		-1.29537 		-1.20401 		-1.73001 		-0.922913		-0.999183		-1.00512 		-0.824764		-0.83641 		-0.810589		0.0      
-0.856166		-0.402773		-0.453393		-0.402773		-0.397837		-0.349345		-0.346397		-0.895572		-0.897972		-0.877223		-0.87391 		0.397137 		0.331934 		0.232073 		0.435699 		0.30612  		0.214347 		0.452081 		0.335328 		0.362137 		0.399596 		0.332804 		0.260961 		0.0      
-3.89143 		-1.93639 		-1.95504 		-1.93639 		-2.04254 		-2.0204  		-2.12325 		-3.69308 		-3.8814  		-3.72205 		-3.91907 		-1.20062 		-1.50599 		-1.72827 		-1.39858 		-1.4677  		-2.01154 		-1.00585 		-1.08212 		-1.18172 		-0.974838		-1.00612 		-1.04886 		0.0      
-2.77867 		-1.37246 		-1.4062  		-1.37246 		-1.50014 		-1.46218 		-1.58616 		-2.56967 		-2.78708 		-2.60073 		-2.82712 		-0.862492		-0.871534		-0.911159		-0.930346		-0.921116		-1.49481 		-0.770635		-0.838995		-0.9621  		-0.765239		-0.764946		-0.820615		0.0      
-4.40263 		-2.27056 		-2.13207 		-2.27056 		-2.22601 		-2.36028 		-2.31203 		-4.34396 		-4.228   		-4.37502 		-4.26804 		-1.35012 		-1.6299  		-1.81555 		-1.57306 		-1.64189 		-2.40081 		-1.0418  		-1.14281 		-1.26625 		-1.03451 		-1.08173 		-1.13208 		0.0      
-4.48629 		-2.31671 		-2.16958 		-2.31671 		-2.26352 		-2.40643 		-2.34953 		-4.43592 		-4.30267 		-4.46698 		-4.34271 		-1.40475 		-1.70399 		-1.89921 		-1.57306 		-1.71598 		-2.40081 		-1.0418  		-1.14281 		-1.27511 		-1.03451 		-1.08173 		-1.13208 		0.0      
-2.89995 		-1.43447 		-1.46548 		-1.43447 		-1.55942 		-1.52419 		-1.64543 		-2.69275 		-2.90499 		-2.7238  		-2.94503 		-0.862492		-0.871534		-0.888947		-0.967579		-0.921116		-1.60685 		-0.790877		-0.870112		-0.993217		-0.762328		-0.759467		-0.812637		0.0      
-3.84873 		-1.90696 		-1.94177 		-1.90696 		-2.02927 		-1.98145 		-2.10112 		-3.64194 		-3.86169 		-3.66742 		-3.89538 		-1.03897 		-1.1831  		-1.38753 		-1.18681 		-1.23173 		-1.7616  		-0.912245		-1.11111 		-1.17717 		-0.919626		-0.986418		-1.05826 		0.0      
-3.00844 		-1.43437 		-1.57407 		-1.43437 		-1.65741 		-1.51435 		-1.73438 		-2.69913 		-3.11898 		-2.72662 		-3.15497 		-1.09756 		-1.25651 		-1.44346 		-1.1934  		-1.26889 		-1.82819 		-0.930426		-0.970777		-1.01731 		-0.935544		-0.95616 		-0.926694		0.0      
-4.46694 		-2.28704 		-2.1799  		-2.28704 		-2.27752 		-2.38012 		-2.36664 		-4.36764 		-4.32053 		-4.39994 		-4.36197 		-1.43236 		-1.668   		-1.90079 		-1.65562 		-1.67181 		-2.62727 		-0.9188  		-0.962279		-1.14321 		-0.945539		-0.920914		-0.939578		0.0      
-4.65045 		-2.27821 		-2.37224 		-2.27821 		-2.46097 		-2.36279 		-2.54189 		-4.36682 		-4.7057  		-4.39623 		-4.74327 		-1.37067 		-1.54715 		-1.75173 		-1.45135 		-1.54709 		-2.29345 		-1.04827 		-1.12072 		-1.29573 		-1.10223 		-1.19628 		-1.2675  		0.0      
-1.87086 		-1.01276 		-0.858099		-1.01276 		-0.946832		-1.09734 		-1.02775 		-1.87572 		-1.72469 		-1.90512 		-1.76227 		-0.485773		-0.421139		-0.468677		-0.664956		-0.482323		-1.01797 		-0.462082		-0.561505		-0.607239		-0.511201		-0.547574		-0.632509		0.0      
-5.35638 		-2.7305  		-2.62588 		-2.7305  		-2.7235  		-2.82358 		-2.81262 		-5.25216 		-5.21005 		-5.28446 		-5.25148 		-1.4906  		-1.82174 		-2.15696 		-1.76571 		-1.83479 		-2.7851  		-1.19153 		-1.26346 		-1.42296 		-1.06757 		-1.11145 		-1.1879  		0.0      
-5.03591 		-2.48612 		-2.5498  		-2.48612 		-2.63869 		-2.57121 		-2.72041 		-4.78293 		-5.0612  		-4.81229 		-5.09932 		-1.4334  		-1.7257  		-2.02381 		-1.58936 		-1.72801 		-2.46486 		-1.06094 		-1.15661 		-1.33304 		-1.03155 		-1.10783 		-1.21102 		0.0      
-4.0083  		-1.80518 		-2.20313 		-1.80518 		-2.29201 		-1.89027 		-2.37374 		-3.43283 		-4.37332 		-3.46219 		-4.41144 		-1.34385 		-1.51236 		-1.62514 		-1.44788 		-1.52434 		-2.05467 		-1.02976 		-1.13652 		-1.31295 		-1.02363 		-1.09682 		-1.19623 		0.0      
-5.11297 		-2.59233 		-2.52065 		-2.59233 		-2.61826 		-2.6854  		-2.70739 		-4.97661 		-4.99859 		-5.0089  		-5.04002 		-1.54431 		-1.86656 		-2.19171 		-1.77063 		-1.87037 		-2.77772 		-0.951313		-1.06879 		-1.25485 		-0.962525		-0.936795		-0.984319		0.0      
-3.5307  		-1.76825 		-1.76245 		-1.76825 		-1.85118 		-1.85283 		-1.9321  		-3.35461 		-3.49457 		-3.38402 		-3.53214 		-1.17999 		-1.28228 		-1.39231 		-1.32634 		-1.28122 		-2.02456 		-1.02694 		-1.12022 		-1.20066 		-0.969871		-1.01163 		-1.08142 		0.0      
-5.45944 		-2.70883 		-2.75061 		-2.70883 		-2.84823 		-2.80191 		-2.93736 		-5.20949 		-5.45855 		-5.24179 		-5.49998 		-1.56463 		-1.88688 		-2.21202 		-1.77063 		-1.89069 		-2.77772 		-1.09532 		-1.2128  		-1.41918 		-1.07533 		-1.13109 		-1.21015 		0.0      
-3.03199 		-1.61054 		-1.42145 		-1.61054 		-1.51256 		-1.69747 		-1.59581 		-3.0474  		-2.82579 		-3.07756 		-2.8645  		-0.831159		-0.978924		-1.09344 		-1.22184 		-1.02122 		-1.80581 		-0.598823		-0.610617		-0.709136		-0.765511		-0.804602		-0.85222 		0.0      
-4.72668 		-2.30234 		-2.42434 		-2.30234 		-2.51184 		-2.38615 		-2.59238 		-4.42008 		-4.81362 		-4.44897 		-4.85121 		-1.31587 		-1.54331 		-1.89373 		-1.42224 		-1.60781 		-2.22898 		-1.08408 		-1.16226 		-1.28884 		-1.08068 		-1.1537  		-1.23333 		0.0      
-2.76637 		-1.34881 		-1.41756 		-1.34881 		-1.50089 		-1.42879 		-1.57786 		-2.52933 		-2.80672 		-2.55682 		-2.84271 		-1.09316 		-1.29791 		-1.43695 		-1.25525 		-1.341   		-1.7908  		-0.908494		-0.916728		-0.983745		-0.824121		-0.827739		-0.759224		0.0      
-3.15687 		-1.37193 		-1.78494 		-1.37193 		-1.87383 		-1.45702 		-1.95556 		-2.56842 		-3.53912 		-2.59778 		-3.57724 		-1.31954 		-1.45683 		-1.5696  		-1.31046 		-1.4688  		-1.87432 		-0.928161		-0.994799		-1.16484 		-0.94544 		-0.989934		-1.02093 		0.0      
-5.19078 		-2.67915 		-2.51163 		-2.67915 		-2.60052 		-2.76424 		-2.68224 		-5.16625 		-4.98412 		-5.19561 		-5.02224 		-1.5468  		-1.9211  		-2.31319 		-1.62232 		-1.93388 		-2.50989 		-0.899228		-1.01555 		-1.24578 		-1.01248 		-1.06248 		-1.16843 		0.0      
-2.69394 		-1.436   		-1.25795 		-1.436   		-1.34925 		-1.5233  		-1.43303 		-2.69405 		-2.49354 		-2.72422 		-2.53258 		-1.081   		-1.18193 		-1.18896 		-1.14813 		-1.21015 		-1.59535 		-0.998565		-0.988913		-1.08079 		-0.891359		-0.955856		-1.00048 		0.0      
-6.16658 		-3.02532 		-3.14127 		-3.02532 		-3.23    		-3.1099  		-3.31092 		-5.85903 		-6.23982 		-5.88843 		-6.27739 		-1.35339 		-1.7302  		-2.08625 		-1.6038  		-1.72913 		-2.48751 		-1.29162 		-1.47916 		-1.68939 		-1.16873 		-1.31389 		-1.4746  		0.0      
-2.07079 		-1.00117 		-1.06962 		-1.00117 		-1.14739 		-1.07601 		-1.21957 		-1.86792 		-2.1279  		-1.89354 		-2.16173 		-0.714441		-0.769957		-0.804256		-0.725507		-0.784654		-0.941471		-0.658205		-0.677355		-0.743372		-0.644294		-0.68911 		-0.738071		0.0      
-2.13731 		-0.87151 		-1.2658  		-0.87151 		-1.35691 		-0.958443		-1.44016 		-1.57637 		-2.51587 		-1.60653 		-2.55457 		-0.815312		-0.838442		-0.831446		-1.15246 		-0.851514		-1.67184 		-0.611919		-0.601168		-0.619049		-0.721168		-0.75283 		-0.788472		0.0      
-2.61621 		-1.07673 		-1.53948 		-1.07673 		-1.63059 		-1.16367 		-1.71384 		-1.98507 		-3.06058 		-2.01522 		-3.09929 		-1.01545 		-1.16739 		-1.29488 		-1.15246 		-1.18046 		-1.67184 		-0.678832		-0.670921		-0.700867		-0.721168		-0.75283 		-0.788472		0.0      
-4.45559 		-2.23054 		-2.22505 		-2.23054 		-2.31255 		-2.31435 		-2.39308 		-4.27814 		-4.42103 		-4.30704 		-4.45862 		-1.24572 		-1.4394  		-1.78982 		-1.35209 		-1.50391 		-2.088   		-1.0112  		-1.08938 		-1.21596 		-1.02667 		-1.08859 		-1.16158 		0.0      
-4.38012 		-2.21369 		-2.16642 		-2.21369 		-2.25753 		-2.30063 		-2.34079 		-4.23281 		-4.29532 		-4.26296 		-4.33403 		-1.26372 		-1.50442 		-1.74394 		-1.59576 		-1.54671 		-2.56635 		-0.991408		-1.04459 		-1.158   		-0.974168		-1.01421 		-1.03736 		0.0      
-3.86777 		-1.92856 		-1.93921 		-1.92856 		-2.01699 		-2.0034  		-2.08917 		-3.69072 		-3.84811 		-3.71634 		-3.88193 		-1.15609 		-1.37874 		-1.62395 		-1.31537 		-1.34757 		-1.94298 		-0.965698		-1.00713 		-1.11507 		-0.967571		-1.02949 		-1.10248 		0.0      
-2.27206 		-1.02215 		-1.2499  		-1.02215 		-1.30546 		-1.07558 		-1.3569  		-1.94127 		-2.48319 		-1.95962 		-2.50726 		-0.480055		-0.602941		-0.675433		-0.739517		-0.585342		-1.22287 		-0.499862		-0.60361 		-0.707875		-0.423719		-0.504016		-0.540088		0.0      
-5.83511 		-2.92951 		-2.9056  		-2.92951 		-2.99433 		-3.0141  		-3.07525 		-5.66501 		-5.76895 		-5.69441 		-5.80653 		-1.42678 		-1.70165 		-2.00737 		-1.58154 		-1.7323  		-2.52356 		-1.22513 		-1.4406  		-1.64891 		-1.14505 		-1.26183 		-1.38262 		0.0      
-4.3854  		-2.18561 		-2.1998  		-2.18561 		-2.2911  		-2.27291 		-2.37488 		-4.17825 		-4.36164 		-4.20843 		-4.40068 		-1.16711 		-1.43256 		-1.63846 		-1.58093 		-1.40458 		-2.45241 		-1.06524 		-1.13658 		-1.18524 		-1.03967 		-1.09137 		-1.12075 		0.0      
-4.28979 		-2.1255  		-2.16429 		-2.1255  		-2.25559 		-2.2128  		-2.33937 		-4.0581  		-4.29042 		-4.08827 		-4.32946 		-1.22395 		-1.50533 		-1.70198 		-1.58093 		-1.47736 		-2.45241 		-1.07364 		-1.12782 		-1.17589 		-1.04407 		-1.07148 		-1.09901 		0.0      
7.31738  		3.74058  		3.5768   		3.74058  		3.67642  		3.83547  		3.76722  		7.26234  		7.10574  		7.2953   		7.14792  		1.76884  		2.23685  		2.71431  		1.90535  		2.25168  		3.00805  		1.33759  		1.61465  		1.9913   		1.17179  		1.28477  		1.41217  		1.0      
6.89384  		3.46025  		3.43359  		3.46025  		3.53321  		3.55514  		3.62401  		6.70191  		6.8192   		6.73488  		6.86138  		1.76884  		2.23685  		2.71431  		1.90535  		2.25168  		3.00805  		1.14685  		1.40004  		1.77669  		1.1054   		1.22458  		1.35945  		1.0      
5.68462  		2.80955  		2.87507  		2.80955  		2.96707  		2.89749  		3.05144  		5.42228  		5.71063  		5.45269  		5.74994  		1.60877  		1.95651  		2.31306  		1.6494   		1.96838  		2.5124   		1.32553  		1.4305   		1.63691  		1.23761  		1.37791  		1.54839  		1.0      
6.3943   		3.24026  		3.15403  		3.24026  		3.25365  		3.33515  		3.34445  		6.26231  		6.26053  		6.29527  		6.30271  		1.76884  		2.23685  		2.71431  		1.90535  		2.25168  		3.00805  		1.08257  		1.27196  		1.6486   		1.07275  		1.11173  		1.20978  		1.0      
6.33476  		3.20156  		3.1332   		3.20156  		3.23262  		3.29627  		3.32326  		6.18746  		6.22121  		6.22036  		6.26332  		1.65149  		2.04672  		2.48579  		1.89383  		2.06137  		2.98811  		1.1878   		1.32735  		1.45923  		1.18223  		1.28928  		1.39251  		1.0      
7.57109  		3.88601  		3.68508  		3.88601  		3.78469  		3.9809   		3.8755   		7.55289  		7.322    		7.58585  		7.36418  		1.76884  		2.23685  		2.71431  		1.90535  		2.25168  		3.00805  		1.39413  		1.75996  		2.13661  		1.1741   		1.29654  		1.43464  		1.0      
7.47729  		3.79611  		3.68118  		3.79611  		3.78079  		3.891    		3.8716   		7.37336  		7.31428  		7.40632  		7.35646  		1.76884  		2.23685  		2.71431  		1.90535  		2.25168  		3.00805  		1.43739  		1.73212  		2.10877  		1.25353  		1.40134  		1.55221  		1.0      
3.66015  		1.98937  		1.67078  		1.98937  		1.76169  		2.07632  		1.84513  		3.78978  		3.31146  		3.81982  		3.35035  		0.977445 		1.1787   		1.24711  		1.28814  		1.19088  		2.08248  		0.993937 		1.17135  		1.23388  		0.944574 		0.932231 		0.963216 		1.0      
3.62442  		1.94479  		1.67963  		1.94479  		1.7663   		2.02784  		1.84612  		3.71703  		3.33685  		3.74564  		3.37412  		1.22864  		1.28701  		1.39254  		1.06965  		1.3135   		1.42639  		0.947416 		1.18765  		1.35962  		0.969392 		1.02545  		1.1401   		1.0      
3.99123  		2.2756   		1.71563  		2.2756   		1.80654  		2.36254  		1.88999  		4.36049  		3.40054  		4.39053  		3.43943  		1.33207  		1.55401  		1.62242  		1.28814  		1.56619  		2.08248  		1.03029  		1.29429  		1.42024  		0.976299 		0.968456 		1.01374  		1.0      
7.29753  		3.66711  		3.63042  		3.66711  		3.72984  		3.76182  		3.82048  		7.11641  		7.21318  		7.14931  		7.25529  		1.72337  		2.1697   		2.62679  		1.89383  		2.18435  		2.98811  		1.29555  		1.6553   		1.98208  		1.17442  		1.30574  		1.42925  		1.0      
4.01495  		2.23133  		1.78362  		2.23133  		1.87453  		2.31827  		1.95798  		4.27225  		3.53605  		4.30229  		3.57494  		1.3436   		1.536    		1.59389  		1.31171  		1.54818  		2.10388  		0.964964 		1.22897  		1.35492  		0.988937 		0.980014 		1.0205   		1.0      
3.02719  		1.66403  		1.36317  		1.66403  		1.44983  		1.74708  		1.52966  		3.15642  		2.70447  		3.18503  		2.74174  		1.18615  		1.24399  		1.32833  		1.0642   		1.27048  		1.42093  		0.909632 		1.14987  		1.25449  		0.855776 		0.853777 		0.87839  		1.0      
7.48449  		3.81792  		3.66657  		3.81792  		3.76618  		3.91281  		3.85698  		7.41694  		7.28509  		7.44991  		7.32728  		1.76884  		2.23685  		2.71431  		1.90535  		2.25168  		3.00805  		1.37286  		1.66527  		2.04192  		1.24837  		1.40936  		1.57649  		1.0      
6.70024  		3.4131   		3.28714  		3.4131   		3.38675  		3.50799  		3.47756  		6.60769  		6.5264   		6.64066  		6.56858  		1.76884  		2.23685  		2.71431  		1.90535  		2.25168  		3.00805  		1.16945  		1.44107  		1.81771  		1.12017  		1.1775   		1.26816  		1.0      
7.17009  		3.59809  		3.572    		3.59809  		3.67142  		3.69281  		3.76206  		6.97926  		7.09708  		7.01216  		7.13919  		1.5773   		1.99895  		2.45604  		1.89383  		2.01361  		2.98811  		1.34836  		1.65855  		1.93044  		1.2459   		1.39519  		1.54222  		1.0      
4.16341  		2.34711  		1.8163   		2.34711  		1.90721  		2.43405  		1.99066  		4.50353  		3.60176  		4.53357  		3.64065  		1.33207  		1.55401  		1.62242  		1.28814  		1.56619  		2.08248  		1.08281  		1.34681  		1.47276  		1.0231   		1.05121  		1.10301  		1.0      
3.02719  		1.66403  		1.36317  		1.66403  		1.44983  		1.74708  		1.52966  		3.15642  		2.70447  		3.18503  		2.74174  		1.18615  		1.24399  		1.32833  		1.0642   		1.27048  		1.42093  		0.909632 		1.14987  		1.25449  		0.855776 		0.853777 		0.87839  		1.0      
6.43617  		3.26202  		3.17415  		3.26202  		3.27377  		3.35691  		3.36457  		6.30575  		6.30069  		6.33872  		6.34287  		1.76884  		2.23685  		2.71431  		1.90535  		2.25168  		3.00805  		1.10108  		1.29453  		1.67118  		1.0745   		1.12624  		1.18667  		1.0      
5.47464  		2.63953  		2.83512  		2.63953  		2.93453  		2.73424  		3.02518  		5.06723  		5.62654  		5.10013  		5.66865  		1.29252  		1.53439  		1.88457  		1.89383  		1.54905  		2.98811  		1.08549  		1.20241  		1.35669  		1.05884  		1.10485  		1.18958  		1.0      
5.14352  		2.49244  		2.65108  		2.49244  		2.7505   		2.58715  		2.84114  		4.77355  		5.2589   		4.80645  		5.30101  		1.26315  		1.47432  		1.79805  		1.89383  		1.48898  		2.98811  		0.995419 		1.08987  		1.24413  		1.04047  		1.06426  		1.09594  		1.0      
6.0437   		3.09659  		2.94711  		3.09659  		3.04672  		3.19148  		3.13753  		5.97492  		5.84678  		6.00789  		5.88896  		1.76884  		2.23685  		2.71431  		1.90535  		2.25168  		3.00805  		1.04598  		1.27412  		1.65077  		0.975468 		0.993397 		0.984726 		1.0      
6.96651  		3.56586  		3.40065  		3.56586  		3.50026  		3.66075  		3.59107  		6.91278  		6.75321  		6.94574  		6.79539  		1.76884  		2.23685  		2.71431  		1.90535  		2.25168  		3.00805  		1.17676  		1.48973  		1.86637  		1.09416  		1.20422  		1.29067  		1.0      
6.04285  		3.05362  		2.98922  		3.05362  		3.08883  		3.14851  		3.17964  		5.88922  		5.93107  		5.92218  		5.97325  		1.76884  		2.23685  		2.71431  		1.90535  		2.25168  		3.00805  		1.12029  		1.25098  		1.62763  		1.01433  		1.04539  		1.04043  		1.0      
6.83962  		3.46984  		3.36978  		3.46984  		3.46939  		3.56473  		3.5602   		6.72118  		6.69199  		6.75415  		6.73417  		1.76884  		2.23685  		2.71431  		1.90535  		2.25168  		3.00805  		1.27283  		1.46698  		1.84363  		1.16034  		1.25955  		1.34469  		1.0      
5.56205  		2.6772   		2.88485  		2.6772   		2.98426  		2.77192  		3.07491  		5.14163  		5.72579  		5.17453  		5.7679   		1.30745  		1.58431  		1.98052  		1.89383  		1.59896  		2.98811  		1.09127  		1.19116  		1.25862  		1.12801  		1.17625  		1.22141  		1.0      
6.89738  		3.54425  		3.35313  		3.54425  		3.45275  		3.63914  		3.54355  		6.86965  		6.65839  		6.90261  		6.70057  		1.76884  		2.23685  		2.71431  		1.90535  		2.25168  		3.00805  		1.14876  		1.41408  		1.79073  		1.0985   		1.2086   		1.29492  		1.0      
5.95709  		3.06891  		2.88817  		3.06891  		2.98779  		3.1638   		3.07859  		5.91965  		5.72912  		5.95262  		5.7713   		1.76884  		2.23685  		2.71431  		1.90535  		2.25168  		3.00805  		1.00701  		1.18754  		1.56419  		0.97539  		0.993299 		0.984615 		1.0      
6.89738  		3.54425  		3.35313  		3.54425  		3.45275  		3.63914  		3.54355  		6.86965  		6.65839  		6.90261  		6.70057  		1.76884  		2.23685  		2.71431  		1.90535  		2.25168  		3.00805  		1.14876  		1.41408  		1.79073  		1.0985   		1.2086   		1.29492  		1.0      
6.59204  		3.35127  		3.24077  		3.35127  		3.34038  		3.44616  		3.43119  		6.48428  		6.43402  		6.51724  		6.47621  		1.76884  		2.23685  		2.71431  		1.90535  		2.25168  		3.00805  		1.23713  		1.45774  		1.83439  		1.10409  		1.17695  		1.24513  		1.0      
7.56739  		3.81423  		3.75316  		3.81423  		3.85277  		3.90912  		3.94358  		7.40959  		7.45826  		7.44255  		7.50045  		1.76884  		2.23685  		2.71431  		1.90535  		2.25168  		3.00805  		1.38306  		1.66279  		2.03944  		1.26005  		1.44906  		1.62128  		1.0      
6.80044  		3.45123  		3.34921  		3.45123  		3.44882  		3.54612  		3.53963  		6.68388  		6.65055  		6.71684  		6.69273  		1.76884  		2.23685  		2.71431  		1.90535  		2.25168  		3.00805  		1.16773  		1.42533  		1.80198  		1.1018   		1.18115  		1.26942  		1.0      
6.46463  		3.27604  		3.18859  		3.27604  		3.2882   		3.37093  		3.37901  		6.33384  		6.32953  		6.36681  		6.37171  		1.76884  		2.23685  		2.71431  		1.90535  		2.25168  		3.00805  		1.08658  		1.30744  		1.68409  		1.08652  		1.13096  		1.20119  		1.0      
3.63564  		1.92313  		1.71251  		1.92313  		1.79823  		2.0053   		1.87724  		3.6753   		3.40591  		3.70359  		3.44282  		1.10245  		1.2353   		1.44818  		1.02355  		1.2427   		1.43449  		0.950947 		1.11781  		1.32635  		0.906746 		0.953122 		1.02108  		1.0      
7.03667  		3.56877  		3.4679   		3.56877  		3.56751  		3.66366  		3.65832  		6.91883  		6.88778  		6.9518   		6.92996  		1.76884  		2.23685  		2.71431  		1.90535  		2.25168  		3.00805  		1.23911  		1.50217  		1.87882  		1.13272  		1.23137  		1.37158  		1.0      
6.93172  		3.5148   		3.41692  		3.5148   		3.51633  		3.60952  		3.60698  		6.81265  		6.78764  		6.84555  		6.82975  		1.64839  		2.0914   		2.54428  		1.89383  		2.10605  		2.98811  		1.34288  		1.56973  		1.78198  		1.22203  		1.33962  		1.47949  		1.0      
3.18024  		1.75454  		1.4257   		1.75454  		1.51142  		1.83671  		1.59043  		3.33877  		2.83358  		3.36706  		2.87048  		1.05588  		1.14452  		1.35741  		1.02355  		1.15192  		1.43449  		0.897518 		1.06438  		1.21163  		0.852531 		0.854915 		0.854022 		1.0      
7.44931  		3.77237  		3.67694  		3.77237  		3.77656  		3.86726  		3.86736  		7.32591  		7.30591  		7.35887  		7.34809  		1.76884  		2.23685  		2.71431  		1.90535  		2.25168  		3.00805  		1.36834  		1.65536  		2.03201  		1.22425  		1.3634   		1.52289  		1.0      
7.28023  		3.70307  		3.57716  		3.70307  		3.67677  		3.79796  		3.76758  		7.18728  		7.10622  		7.22025  		7.1484   		1.76884  		2.23685  		2.71431  		1.90535  		2.25168  		3.00805  		1.25087  		1.53053  		1.90718  		1.17629  		1.28214  		1.42248  		1.0      
6.88336  		3.51008  		3.37328  		3.51008  		3.47289  		3.60497  		3.5637   		6.80154  		6.69879  		6.83451  		6.74097  		1.76884  		2.23685  		2.71431  		1.90535  		2.25168  		3.00805  		1.16104  		1.43528  		1.81193  		1.13191  		1.18772  		1.24212  		1.0      
6.93172  		3.5148   		3.41692  		3.5148   		3.51633  		3.60952  		3.60698  		6.81265  		6.78764  		6.84555  		6.82975  		1.64839  		2.0914   		2.54428  		1.89383  		2.10605  		2.98811  		1.34288  		1.56973  		1.78198  		1.22203  		1.33962  		1.47949  		1.0      
3.76947  		2.14554  		1.62393  		2.14554  		1.70965  		2.22771  		1.78866  		4.11747  		3.23067  		4.14576  		3.26757  		1.02161  		1.14704  		1.4024   		1.03407  		1.16207  		1.44724  		0.896033 		1.09681  		1.25063  		0.923472 		0.946455 		0.945551 		1.0      
3.18024  		1.75454  		1.4257   		1.75454  		1.51142  		1.83671  		1.59043  		3.33877  		2.83358  		3.36706  		2.87048  		1.05588  		1.14452  		1.35741  		1.02355  		1.15192  		1.43449  		0.897518 		1.06438  		1.21163  		0.852531 		0.854915 		0.854022 		1.0      
6.19386  		3.17716  		3.0167   		3.17716  		3.11631  		3.27205  		3.20712  		6.13615  		5.98615  		6.16912  		6.02834  		1.76884  		2.23685  		2.71431  		1.90535  		2.25168  		3.00805  		1.18721  		1.34954  		1.72619  		1.02627  		1.05697  		1.06174  		1.0      
6.8234   		3.42441  		3.39899  		3.42441  		3.4986   		3.5193   		3.58941  		6.63031  		6.75029  		6.66328  		6.79247  		1.76884  		2.23685  		2.71431  		1.90535  		2.25168  		3.00805  		1.2093   		1.43664  		1.81329  		1.13715  		1.2324   		1.32581  		1.0      
5.93279  		2.95335  		2.97944  		2.95335  		3.07886  		3.04806  		3.16951  		5.69148  		5.91382  		5.72438  		5.95593  		1.39057  		1.79256  		2.24915  		1.89383  		1.80721  		2.98811  		1.17395  		1.27675  		1.37132  		1.09416  		1.15711  		1.21973  		1.0      
6.34122  		3.10587  		3.23535  		3.10587  		3.33476  		3.20059  		3.42541  		5.99592  		6.42463  		6.02882  		6.46674  		1.50509  		1.94669  		2.4033   		1.89383  		1.96134  		2.98811  		1.26212  		1.34139  		1.48178  		1.15096  		1.26999  		1.36922  		1.0      
6.01166  		2.98764  		3.02402  		2.98764  		3.12344  		3.08235  		3.21408  		5.75998  		6.00283  		5.79287  		6.04494  		1.43204  		1.83402  		2.29061  		1.89383  		1.84867  		2.98811  		1.22459  		1.33987  		1.47117  		1.11435  		1.1785   		1.25201  		1.0      
5.47078  		2.67709  		2.79369  		2.67709  		2.89311  		2.7718   		2.98375  		5.13919  		5.54162  		5.17209  		5.58373  		1.39699  		1.83858  		2.29519  		1.89383  		1.85323  		2.98811  		0.997481 		1.04466  		1.13867  		0.983735 		0.953823 		0.947819 		1.0      
6.97439  		3.56502  		3.40937  		3.56502  		3.50898  		3.65991  		3.59979  		6.91112  		6.77063  		6.94409  		6.81281  		1.76884  		2.23685  		2.71431  		1.90535  		2.25168  		3.00805  		1.14399  		1.46698  		1.84363  		1.03994  		1.12404  		1.23465  		1.0      
6.05914  		3.0402   		3.01894  		3.0402   		3.11855  		3.13509  		3.20936  		5.86242  		5.99039  		5.89538  		6.03258  		1.76884  		2.23685  		2.71431  		1.90535  		2.25168  		3.00805  		1.04639  		1.19875  		1.5754   		1.03073  		1.06039  		1.05311  		1.0      
4.30641  		2.16374  		2.14267  		2.16374  		2.23642  		2.25129  		2.32043  		4.13349  		4.253    		4.16375  		4.29215  		1.06746  		1.30321  		1.47561  		1.45994  		1.28141  		2.27253  		1.13718  		1.20645  		1.2421   		1.09695  		1.1918   		1.26314  		1.0      
7.12287  		3.62536  		3.49752  		3.62536  		3.59713  		3.72025  		3.68794  		7.03179  		6.94706  		7.06476  		6.98925  		1.76884  		2.23685  		2.71431  		1.90535  		2.25168  		3.00805  		1.29044  		1.61345  		1.9901   		1.14625  		1.24433  		1.3403   		1.0      
6.1028   		3.09621  		3.0066   		3.09621  		3.10621  		3.1911   		3.19702  		5.97437  		5.9657   		6.00733  		6.00788  		1.76884  		2.23685  		2.71431  		1.90535  		2.25168  		3.00805  		1.10093  		1.25337  		1.63002  		1.0171   		1.04599  		1.04103  		1.0      
5.83033  		2.94174  		2.8886   		2.94174  		2.98802  		3.03645  		3.07866  		5.66844  		5.73222  		5.70134  		5.77433  		1.39057  		1.79256  		2.24915  		1.89383  		1.80721  		2.98811  		1.2122   		1.28352  		1.36653  		1.02057  		1.05863  		1.09595  		1.0      
5.87916  		2.91377  		2.96539  		2.91377  		3.06481  		3.00848  		3.15546  		5.61189  		5.8849   		5.64479  		5.92701  		1.48614  		1.92773  		2.38434  		1.89383  		1.94238  		2.98811  		1.07958  		1.13371  		1.26953  		1.01648  		1.06608  		1.13105  		1.0      
1.61061  		0.550737 		1.05988  		0.550737 		0.971145 		0.466152 		0.890225 		1.20852  		2.0613   		1.17912  		2.02373  		0.357606 		0.575421 		0.773601 		0.273808 		0.428862 		0.547987 		0.268986 		0.205433 		0.245915 		0.0722783		0.148191 		0.198254 		1.0      
5.87337  		2.93463  		2.93875  		2.93463  		3.03816  		3.02934  		3.12881  		5.65401  		5.83242  		5.68691  		5.87453  		1.43204  		1.83402  		2.29061  		1.89383  		1.84867  		2.98811  		1.20601  		1.29188  		1.41546  		1.10589  		1.15902  		1.2205   		1.0      
3.70632  		1.85174  		1.85458  		1.85174  		1.94833  		1.93929  		2.03234  		3.51206  		3.67916  		3.54232  		3.71831  		1.08819  		1.23187  		1.29629  		1.37213  		1.21006  		2.18472  		1.08277  		1.08123  		1.17449  		1.07073  		1.13726  		1.19879  		1.0      
5.54561  		2.72496  		2.82065  		2.72496  		2.92006  		2.81968  		3.01071  		5.23488  		5.59557  		5.26778  		5.63768  		1.39699  		1.83858  		2.29519  		1.89383  		1.85323  		2.98811  		1.00482  		1.03649  		1.12538  		1.01478  		1.02366  		1.02748  		1.0      
5.47335  		2.68692  		2.78643  		2.68692  		2.88585  		2.78163  		2.97649  		5.15889  		5.52716  		5.19179  		5.56927  		1.39699  		1.83858  		2.29519  		1.89383  		1.85323  		2.98811  		0.993055 		1.02472  		1.11362  		0.99199  		0.963132 		0.966956 		1.0      
2.42998  		1.18929  		1.2407   		1.18929  		1.27403  		1.22133  		1.30485  		2.30897  		2.46789  		2.32     		2.48228  		0.610255 		0.83295  		0.995655 		0.647584 		0.834513 		1.10778  		0.449691 		0.51326  		0.53042  		0.392996 		0.425668 		0.456469 		1.0      
4.65978  		2.28365  		2.37613  		2.28365  		2.47555  		2.37836  		2.56619  		4.3557   		4.71148  		4.3886   		4.75358  		1.26593  		1.50479  		1.71599  		1.89383  		1.51945  		2.98811  		1.02139  		1.15492  		1.15991  		1.02225  		1.05658  		1.12746  		1.0      
0.348242 		0.116413 		0.231829 		0.116413 		0.140718 		0.0294802		0.0574636		0.389285 		0.468296 		0.359127 		0.429589 		-0.284517		-0.124252		0.0834088		-0.564559		-0.140737		-0.88137 		-0.380401		-0.267528		-0.0333983		-0.470829		-0.39939 		-0.285387		1.0      
7.16885  		3.60803  		3.56082  		3.60803  		3.66043  		3.70292  		3.75124  		6.99732  		7.07362  		7.03029  		7.1158   		1.76884  		2.23685  		2.71431  		1.90535  		2.25168  		3.00805  		1.31738  		1.63859  		2.01524  		1.18361  		1.31833  		1.45098  		1.0      
5.94368  		3.03528  		2.9084   		3.03528  		3.00801  		3.13017  		3.09882  		5.8525   		5.76973  		5.88546  		5.81191  		1.76884  		2.23685  		2.71431  		1.90535  		2.25168  		3.00805  		1.06186  		1.17544  		1.55209  		1.00158  		0.967497 		0.98368  		1.0      
4.76672  		2.37557  		2.39116  		2.37557  		2.49058  		2.47028  		2.58122  		4.53952  		4.74214  		4.57242  		4.78425  		1.21809  		1.4558   		1.65655  		1.89383  		1.47045  		2.98811  		1.04932  		1.18834  		1.17323  		1.06188  		1.10638  		1.15169  		1.0      
5.87951  		3.03858  		2.84093  		3.03858  		2.94055  		3.13347  		3.03135  		5.85913  		5.63483  		5.89209  		5.67701  		1.76884  		2.23685  		2.71431  		1.90535  		2.25168  		3.00805  		1.01268  		1.16624  		1.54289  		0.969091 		0.953826 		0.959458 		1.0      
5.20913  		2.63907  		2.57005  		2.63907  		2.66947  		2.73379  		2.76012  		5.06502  		5.09841  		5.09792  		5.14052  		1.37385  		1.66474  		1.93943  		1.89383  		1.67939  		2.98811  		1.08173  		1.26452  		1.303    		1.09742  		1.13109  		1.17692  		1.0      
5.19554  		2.66715  		2.52839  		2.66715  		2.62781  		2.76186  		2.71845  		5.12118  		5.01524  		5.15408  		5.05735  		1.30573  		1.54345  		1.81841  		1.89383  		1.5581   		2.98811  		1.06148  		1.29678  		1.3726   		1.03641  		1.05728  		1.10796  		1.0      
7.40576  		3.75163  		3.65413  		3.75163  		3.75375  		3.84652  		3.84455  		7.28418  		7.25997  		7.31715  		7.30215  		1.76884  		2.23685  		2.71431  		1.90535  		2.25168  		3.00805  		1.32506  		1.68949  		2.06614  		1.14786  		1.29331  		1.44734  		1.0      
2.44278  		1.06127  		1.38151  		1.06127  		1.45929  		1.13612  		1.53147  		1.9852   		2.74699  		2.01082  		2.78082  		0.674872 		0.778044 		0.896739 		0.817542 		0.790086 		1.27325  		0.626558 		0.682077 		0.706052 		0.533524 		0.584512 		0.657204 		1.0      
6.60587  		3.22564  		3.38023  		3.22564  		3.47965  		3.32035  		3.57029  		6.2354   		6.71391  		6.2683   		6.75602  		1.51465  		1.95625  		2.41286  		1.89383  		1.9709   		2.98811  		1.29264  		1.50327  		1.62905  		1.1456   		1.27959  		1.40562  		1.0      
6.44141  		3.28463  		3.15678  		3.28463  		3.25639  		3.37952  		3.3472   		6.35111  		6.26625  		6.38408  		6.30843  		1.76884  		2.23685  		2.71431  		1.90535  		2.25168  		3.00805  		1.10285  		1.2126   		1.58925  		1.12071  		1.18914  		1.29336  		1.0      
5.94023  		3.0591   		2.88114  		3.0591   		2.98075  		3.15399  		3.07156  		5.90033  		5.71525  		5.9333   		5.75743  		1.76884  		2.23685  		2.71431  		1.90535  		2.25168  		3.00805  		1.04214  		1.15193  		1.52858  		1.01815  		1.0172   		1.05784  		1.0      
5.95542  		2.8827   		3.07272  		2.8827   		3.17214  		2.97741  		3.26278  		5.55032  		6.09906  		5.58322  		6.14117  		1.41673  		1.85833  		2.31494  		1.89383  		1.87299  		2.98811  		1.10567  		1.26753  		1.34535  		1.04713  		1.07678  		1.11786  		1.0      
7.37912  		3.76133  		3.61778  		3.76133  		3.7174   		3.85622  		3.8082   		7.30365  		7.1874   		7.33661  		7.22959  		1.76884  		2.23685  		2.71431  		1.90535  		2.25168  		3.00805  		1.32179  		1.68608  		2.06273  		1.18112  		1.31206  		1.45403  		1.0      
6.58164  		3.27993  		3.30171  		3.27993  		3.40113  		3.37464  		3.49177  		6.34391  		6.55733  		6.37681  		6.59944  		1.51604  		1.93297  		2.38956  		1.89383  		1.94762  		2.98811  		1.29721  		1.53805  		1.66477  		1.17865  		1.29777  		1.42012  		1.0      
6.70911  		3.41878  		3.29033  		3.41878  		3.38995  		3.51367  		3.48075  		6.61862  		6.53267  		6.65159  		6.57485  		1.76884  		2.23685  		2.71431  		1.90535  		2.25168  		3.00805  		1.26408  		1.6285   		2.00515  		0.943889 		0.970437 		0.970106 		1.0      
5.99929  		3.04046  		2.95883  		3.04046  		3.05844  		3.13535  		3.14925  		5.86267  		5.87021  		5.89564  		5.91239  		1.76884  		2.23685  		2.71431  		1.90535  		2.25168  		3.00805  		1.10234  		1.29366  		1.6703   		0.874287 		0.834089 		0.798161 		1.0      
5.57231  		2.77242  		2.79989  		2.77242  		2.89951  		2.86731  		2.99031  		5.32704  		5.5527   		5.36001  		5.59488  		1.76884  		2.23685  		2.71431  		1.90535  		2.25168  		3.00805  		0.957554 		1.02139  		1.39804  		0.939549 		0.913138 		0.864698 		1.0      
5.73201  		2.85465  		2.87736  		2.85465  		2.97697  		2.94954  		3.06778  		5.49143  		5.70762  		5.5244   		5.7498   		1.76884  		2.23685  		2.71431  		1.90535  		2.25168  		3.00805  		1.003    		1.06516  		1.44181  		0.977756 		0.965028 		0.920449 		1.0      
5.77565  		2.91095  		2.8647   		2.91095  		2.96431  		3.00584  		3.05512  		5.60399  		5.68228  		5.63695  		5.72447  		1.76884  		2.23685  		2.71431  		1.90535  		2.25168  		3.00805  		1.05759  		1.11986  		1.49651  		0.964214 		0.950749 		0.908654 		1.0      
5.70712  		2.73922  		2.96791  		2.73922  		3.06733  		2.83393  		3.15797  		5.26299  		5.8896   		5.29589  		5.93171  		1.48136  		1.92297  		2.37958  		1.89383  		1.93762  		2.98811  		1.12101  		1.26386  		1.36725  		0.988532 		0.9835   		0.940311 		1.0      
5.49672  		2.62551  		2.87121  		2.62551  		2.97062  		2.72023  		3.06127  		5.03631  		5.69709  		5.06921  		5.7392   		1.3434   		1.73528  		2.19187  		1.89383  		1.74993  		2.98811  		1.08955  		1.29499  		1.33675  		0.982054 		0.967598 		0.936135 		1.0      
6.65788  		3.35509  		3.30279  		3.35509  		3.4024   		3.44998  		3.49321  		6.49121  		6.55733  		6.52417  		6.59951  		1.76884  		2.23685  		2.71431  		1.90535  		2.25168  		3.00805  		1.18095  		1.5453   		1.92194  		0.990507 		1.02486  		1.03723  		1.0      
5.6974   		2.72948  		2.96792  		2.72948  		3.06734  		2.82419  		3.15798  		5.24355  		5.88963  		5.27645  		5.93174  		1.48136  		1.92297  		2.37958  		1.89383  		1.93762  		2.98811  		1.12101  		1.26386  		1.36725  		0.988532 		0.973777 		0.930587 		1.0      
6.6404   		3.30558  		3.33482  		3.30558  		3.43443  		3.40047  		3.52524  		6.39225  		6.62141  		6.42521  		6.66359  		1.76884  		2.23685  		2.71431  		1.90535  		2.25168  		3.00805  		1.12633  		1.49063  		1.86728  		0.968897 		1.00381  		1.03089  		1.0      
6.66907  		3.35518  		3.31388  		3.35518  		3.4135   		3.45008  		3.5043   		6.49139  		6.57952  		6.52436  		6.6217   		1.76884  		2.23685  		2.71431  		1.90535  		2.25168  		3.00805  		1.18095  		1.5453   		1.92194  		1.00206  		1.03634  		1.04857  		1.0      
5.78689  		2.91098  		2.8759   		2.91098  		2.97552  		3.00587  		3.06632  		5.60404  		5.7047   		5.63701  		5.74688  		1.76884  		2.23685  		2.71431  		1.90535  		2.25168  		3.00805  		1.05759  		1.11986  		1.49651  		0.97543  		0.961939 		0.919761 		1.0      
5.50468  		2.62562  		2.87906  		2.62562  		2.97848  		2.72033  		3.06912  		5.03651  		5.7128   		5.06941  		5.7549   		1.3434   		1.73528  		2.19187  		1.89383  		1.74993  		2.98811  		1.08955  		1.29499  		1.33675  		0.984995 		0.97304  		0.944037 		1.0      
6.64908  		3.42546  		3.22362  		3.42546  		3.32323  		3.52035  		3.41404  		6.63249  		6.39982  		6.66546  		6.442    		1.76884  		2.23685  		2.71431  		1.90535  		2.25168  		3.00805  		1.19377  		1.39969  		1.77634  		1.11048  		1.17211  		1.23198  		1.0      
6.26938  		3.21308  		3.0563   		3.21308  		3.15591  		3.30797  		3.24672  		6.20792  		6.06532  		6.24089  		6.1075   		1.76884  		2.23685  		2.71431  		1.90535  		2.25168  		3.00805  		1.23509  		1.442    		1.81865  		1.03115  		1.03989  		1.07171  		1.0      
6.38266  		3.242    		3.14066  		3.242    		3.24028  		3.33689  		3.33108  		6.26588  		6.23423  		6.29885  		6.27641  		1.76884  		2.23685  		2.71431  		1.90535  		2.25168  		3.00805  		1.23085  		1.36136  		1.738    		1.1125   		1.17363  		1.24147  		1.0      
5.8769   		2.96169  		2.91521  		2.96169  		3.01463  		3.0564   		3.10527  		5.70923  		5.78759  		5.74213  		5.8297   		1.40976  		1.7453   		2.05664  		1.89383  		1.75996  		2.98811  		1.28561  		1.46843  		1.5741   		1.18142  		1.28939  		1.40165  		1.0      
5.01449  		2.49037  		2.52412  		2.49037  		2.62354  		2.58508  		2.71418  		4.76876  		5.00733  		4.80166  		5.04944  		1.22836  		1.4847   		1.69591  		1.89383  		1.49935  		2.98811  		1.12622  		1.26524  		1.26025  		1.08968  		1.14223  		1.18752  		1.0      
6.11712  		3.15341  		2.96371  		3.15341  		3.06332  		3.2483   		3.15413  		6.08871  		5.88028  		6.12167  		5.92246  		1.76884  		2.23685  		2.71431  		1.90535  		2.25168  		3.00805  		1.09851  		1.22907  		1.60572  		1.04165  		1.02843  		1.06456  		1.0      
6.74299  		3.41645  		3.32654  		3.41645  		3.42616  		3.51134  		3.51696  		6.61425  		6.60506  		6.64721  		6.64725  		1.76884  		2.23685  		2.71431  		1.90535  		2.25168  		3.00805  		1.2218   		1.52628  		1.90293  		1.07914  		1.13938  		1.2407   		1.0      
5.69434  		2.90089  		2.79345  		2.90089  		2.89287  		2.99561  		2.98351  		5.58788  		5.54414  		5.62078  		5.58625  		1.43258  		1.72347  		2.05101  		1.89383  		1.73812  		2.98811  		1.25765  		1.49216  		1.59596  		1.13422  		1.20647  		1.30705  		1.0      
5.18286  		2.66922  		2.51364  		2.66922  		2.61306  		2.76393  		2.7037   		5.12544  		4.98592  		5.15834  		5.02803  		1.29372  		1.53144  		1.8064   		1.89383  		1.54609  		2.98811  		1.09813  		1.32141  		1.38784  		1.03646  		1.05728  		1.10795  		1.0      
5.26335  		2.67528  		2.58807  		2.67528  		2.68749  		2.76999  		2.77813  		5.13739  		5.13443  		5.17029  		5.17653  		1.37385  		1.66474  		1.93943  		1.89383  		1.67939  		2.98811  		1.1184   		1.30118  		1.33966  		1.09745  		1.13113  		1.17695  		1.0      
5.6585   		2.84756  		2.81095  		2.84756  		2.91056  		2.94245  		3.00137  		5.47727  		5.5748   		5.51024  		5.61698  		1.76884  		2.23685  		2.71431  		1.90535  		2.25168  		3.00805  		0.930005 		1.03561  		1.41226  		0.957867 		0.92997  		0.91483  		1.0      
6.64852  		3.34004  		3.30849  		3.34004  		3.4081   		3.43493  		3.49891  		6.46116  		6.56878  		6.49413  		6.61096  		1.76884  		2.23685  		2.71431  		1.90535  		2.25168  		3.00805  		1.10908  		1.4734   		1.85005  		1.01618  		1.0532   		1.0818   		1.0      
5.66304  		2.75913  		2.90391  		2.75913  		3.00333  		2.85384  		3.09397  		5.30278  		5.76199  		5.33568  		5.8041   		1.45035  		1.89195  		2.34856  		1.89383  		1.90661  		2.98811  		1.08408  		1.16299  		1.27035  		1.01407  		1.00181  		1.00998  		1.0      
5.51098  		2.64274  		2.86824  		2.64274  		2.96766  		2.73745  		3.0583   		5.0707   		5.69145  		5.1036   		5.73356  		1.44838  		1.86131  		2.31789  		1.89383  		1.87596  		2.98811  		1.08637  		1.18763  		1.1981   		1.02289  		0.992629 		0.969714 		1.0      
5.71176  		2.91562  		2.79614  		2.91562  		2.89575  		3.01051  		2.98656  		5.61323  		5.54518  		5.64619  		5.58736  		1.76884  		2.23685  		2.71431  		1.90535  		2.25168  		3.00805  		0.954412 		1.04252  		1.41917  		0.950576 		0.928947 		0.896529 		1.0      
5.20775  		2.51432  		2.69343  		2.51432  		2.79285  		2.60903  		2.88349  		4.81388  		5.3411   		4.84678  		5.38321  		1.38869  		1.83029  		2.2869   		1.89383  		1.84494  		2.98811  		1.02806  		1.08593  		1.12499  		0.899347 		0.857349 		0.792532 		1.0      
6.77936  		3.43738  		3.34198  		3.43738  		3.44159  		3.53227  		3.5324   		6.65585  		6.63593  		6.68881  		6.67811  		1.76884  		2.23685  		2.71431  		1.90535  		2.25168  		3.00805  		1.24406  		1.60842  		1.98507  		1.03314  		1.09776  		1.13397  		1.0      
6.15348  		3.15037  		3.00311  		3.15037  		3.10272  		3.24526  		3.19353  		6.08249  		5.95895  		6.11545  		6.00113  		1.76884  		2.23685  		2.71431  		1.90535  		2.25168  		3.00805  		1.23089  		1.39126  		1.7679   		1.00137  		1.03067  		1.00416  		1.0      
5.8458   		2.90988  		2.93592  		2.90988  		3.03553  		3.00477  		3.12634  		5.60182  		5.8248   		5.63478  		5.86698  		1.76884  		2.23685  		2.71431  		1.90535  		2.25168  		3.00805  		1.06738  		1.19728  		1.57393  		0.991589 		1.02898  		1.02113  		1.0      
5.33207  		2.51984  		2.81223  		2.51984  		2.91165  		2.61455  		3.00229  		4.8249   		5.57839  		4.8578   		5.6205   		1.38869  		1.83029  		2.2869   		1.89383  		1.84494  		2.98811  		1.02964  		1.14113  		1.17892  		0.899743 		0.863392 		0.798685 		1.0      
5.93211  		3.02907  		2.90304  		3.02907  		3.00266  		3.12396  		3.09346  		5.84016  		5.75895  		5.87313  		5.80113  		1.76884  		2.23685  		2.71431  		1.90535  		2.25168  		3.00805  		1.09425  		1.15651  		1.53315  		1.00407  		1.01155  		0.989386 		1.0      
5.71168  		2.74208  		2.9696   		2.74208  		3.06902  		2.8368   		3.15966  		5.26885  		5.89306  		5.30175  		5.93517  		1.44142  		1.88305  		2.33965  		1.89383  		1.8977   		2.98811  		1.15764  		1.2842   		1.36401  		0.988529 		0.973818 		0.930628 		1.0      
5.91394  		2.80739  		3.10655  		2.80739  		3.20597  		2.9021   		3.29661  		5.3995   		6.167    		5.4324   		6.2091   		1.44096  		1.88257  		2.33918  		1.89383  		1.89722  		2.98811  		1.26886  		1.40283  		1.46622  		1.01084  		1.03398  		1.0526   		1.0      
5.58037  		2.7347   		2.84567  		2.7347   		2.94509  		2.82941  		3.03574  		5.25432  		5.64632  		5.28722  		5.68843  		1.39057  		1.79256  		2.24915  		1.89383  		1.80721  		2.98811  		1.20879  		1.36131  		1.44811  		1.00699  		0.993262 		0.975578 		1.0      
6.76145  		3.4037   		3.35775  		3.4037   		3.45737  		3.49859  		3.54817  		6.58845  		6.66744  		6.62141  		6.70962  		1.76884  		2.23685  		2.71431  		1.90535  		2.25168  		3.00805  		1.28375  		1.64816  		2.02481  		1.02947  		1.07999  		1.09308  		1.0      
5.86356  		2.92904  		2.93452  		2.92904  		3.03413  		3.02393  		3.12494  		5.64014  		5.82193  		5.67311  		5.86411  		1.76884  		2.23685  		2.71431  		1.90535  		2.25168  		3.00805  		1.0418   		1.16973  		1.54638  		0.986471 		0.989025 		0.979633 		1.0      
6.72327  		3.3915   		3.33177  		3.3915   		3.43138  		3.48639  		3.52219  		6.56398  		6.61528  		6.59695  		6.65746  		1.76884  		2.23685  		2.71431  		1.90535  		2.25168  		3.00805  		1.2176   		1.58194  		1.95859  		1.00194  		1.03653  		1.04845  		1.0      
5.72292  		2.74219  		2.98073  		2.74219  		3.08015  		2.8369   		3.17079  		5.26906  		5.91532  		5.30196  		5.95743  		1.44142  		1.88305  		2.33965  		1.89383  		1.8977   		2.98811  		1.15764  		1.2842   		1.36401  		0.999822 		0.984994 		0.94181  		1.0      
5.46169  		2.59723  		2.86446  		2.59723  		2.96388  		2.69195  		3.05452  		4.98     		5.68376  		5.0129   		5.72587  		1.33137  		1.72325  		2.17985  		1.89383  		1.7379   		2.98811  		1.1262   		1.31221  		1.33648  		0.984942 		0.958195 		0.9292   		1.0      
6.76145  		3.4037   		3.35775  		3.4037   		3.45737  		3.49859  		3.54817  		6.58845  		6.66744  		6.62141  		6.70962  		1.76884  		2.23685  		2.71431  		1.90535  		2.25168  		3.00805  		1.28375  		1.64816  		2.02481  		1.02947  		1.07999  		1.09308  		1.0      
