origin_200 mse:48.73751781779379 ,acc=1.0
OOitr_30_100_3 : mse=1.551448870846681 ,acc=0.9308176100628931
	30 is chosen from 100 trees
OOitr_40_100_3 : mse=2.8731385526590207 ,acc=0.9937106918238994
	40 is chosen from 100 trees
OOitr_50_100_3 : mse=4.423885774711326 ,acc=0.9937106918238994
	50 is chosen from 100 trees
OOitr_30_60_15 : mse=3.490061316487092 ,acc=0.9559748427672956
	30 is chosen from 60 trees
OOitr_40_60_15 : mse=5.404235692266848 ,acc=0.9622641509433962
	40 is chosen from 60 trees
OOitr_50_60_15 : mse=8.15534174433206 ,acc=0.9748427672955975
	50 is chosen from 60 trees
OOitr_30_80_20 : mse=4.035679352334229 ,acc=0.9308176100628931
	30 is chosen from 80 trees
OOitr_40_80_20 : mse=5.488446801957588 ,acc=0.9748427672955975
	40 is chosen from 80 trees
OOitr_50_80_20 : mse=7.3178668272740355 ,acc=0.9748427672955975
	50 is chosen from 80 trees

origin   		oo_15    		oo_20    		oo_25    		oo_15    		oo_20    		oo_25    		oo_15    		oo_20    		oo_25    		label
-5.56619 		-0.595695		-1.02795 		-1.62757 		-1.26642 		-1.86098 		-2.34254 		-1.29074 		-1.62377 		-2.24382 		0.0      
-4.96042 		-0.354176		-0.616825		-1.06849 		-0.642758		-1.13529 		-1.4302  		-0.765767		-1.22377 		-1.4739  		0.0      
-4.32951 		-0.218579		-0.713444		-0.797037		-1.16694 		-1.14246 		-1.52482 		-1.04622 		-1.3646  		-1.80039 		0.0      
-3.88295 		-0.211923		-0.349682		-0.56617 		-0.771211		-1.37429 		-1.85322 		-1.12153 		-0.989315		-1.40011 		0.0      
-3.02348 		-0.1995  		-0.454769		-0.709724		-0.55352 		-0.837161		-0.984868		-0.770306		-1.14179 		-1.24985 		0.0      
-6.68779 		-0.775319		-1.20758 		-1.85914 		-1.26642 		-1.86098 		-2.34254 		-1.34542 		-1.73039 		-2.35044 		0.0      
-3.59376 		-0.237654		-0.235568		-0.462375		-0.706172		-1.28849 		-1.74422 		-1.073   		-0.906339		-1.22966 		0.0      
-3.49293 		-0.417796		-0.598164		-0.886793		-0.673355		-1.25567 		-1.38032 		-1.12598 		-1.07955 		-1.40288 		0.0      
-3.21875 		0.0653784		-0.322479		-0.52106 		-0.949709		-1.06634 		-1.37501 		-0.980606		-1.25177 		-1.44116 		0.0      
-6.11248 		-0.454481		-0.797042		-1.12434 		-1.17293 		-1.62117 		-2.28733 		-1.50438 		-1.68986 		-2.01461 		0.0      
-6.09789 		-1.01381 		-1.42323 		-1.89112 		-1.45529 		-2.0965  		-2.61468 		-1.53499 		-1.90107 		-2.34048 		0.0      
-5.49705 		-0.528131		-1.03355 		-1.41042 		-1.04826 		-1.22378 		-1.61712 		-1.05319 		-1.51874 		-1.81443 		0.0      
-4.14352 		-0.511338		-0.507011		-0.802622		-1.0417  		-1.6829  		-2.13863 		-1.5131  		-1.32488 		-1.68402 		0.0      
-5.00722 		-0.397856		-0.710037		-0.826286		-1.40118 		-1.83297 		-2.39438 		-1.59808 		-1.69358 		-1.93479 		0.0      
-4.98227 		-0.289138		-0.601319		-0.717568		-1.40118 		-1.83297 		-2.39438 		-1.53771 		-1.63321 		-1.87443 		0.0      
-6.06994 		-0.71055 		-1.04406 		-1.43225 		-1.14378 		-1.42738 		-1.8574  		-1.07033 		-1.48524 		-1.86327 		0.0      
-4.99801 		-0.500023		-0.951083		-1.37847 		-1.19994 		-1.65692 		-2.16308 		-1.33402 		-1.59633 		-1.97565 		0.0      
-4.36007 		-0.350563		-0.696622		-1.00059 		-0.46612 		-0.853961		-1.20357 		-0.882047		-1.06314 		-1.19813 		0.0      
-6.71978 		-0.962578		-1.37888 		-1.80559 		-1.33715 		-1.77326 		-2.29484 		-1.50065 		-1.9675  		-2.27317 		0.0      
-3.75346 		-0.169997		-0.509674		-0.597978		-0.924891		-1.20902 		-1.63494 		-1.20538 		-1.28092 		-1.40974 		0.0      
-0.517325		0.232154 		0.279091 		0.221936 		-0.198847		-0.382745		-0.500838		-0.522947		-0.303965		-0.180366		0.0      
-3.51391 		-0.182265		-0.231257		-0.518419		-0.536691		-0.923048		-1.39607 		-1.07842 		-0.955364		-1.06177 		0.0      
-5.33564 		-0.351341		-0.684491		-1.02823 		-1.20394 		-1.60372 		-2.19015 		-1.55591 		-1.73564 		-1.9623  		0.0      
-3.08397 		-0.106502		-0.422624		-0.567192		-1.19049 		-1.49654 		-1.91879 		-1.43841 		-1.48625 		-1.62478 		0.0      
-4.37159 		-0.259196		-0.329161		-0.684915		-0.65538 		-1.25063 		-1.81492 		-1.21557 		-1.11049 		-1.28849 		0.0      
-2.14357 		0.0942239		-0.298535		-0.299954		-0.674857		-0.710554		-0.516415		-0.851569		-0.796529		-0.801703		0.0      
-5.33003 		-0.876564		-1.37796 		-1.6272  		-1.85672 		-2.16277 		-2.64446 		-1.93279 		-2.24946 		-2.55922 		0.0      
-6.64651 		-1.09856 		-1.71134 		-2.23135 		-2.06415 		-2.54305 		-3.10498 		-2.00106 		-2.5052  		-2.99715 		0.0      
-2.83211 		0.225444 		-0.184575		-0.368195		-0.182605		-0.333366		-0.55578 		0.0389771		-0.320746		-0.553323		0.0      
-5.30508 		-0.767845		-1.26924 		-1.51848 		-1.85672 		-2.16277 		-2.64446 		-1.87242 		-2.1891  		-2.49885 		0.0      
-2.71705 		0.116726 		-0.293294		-0.476914		-0.182605		-0.270796		-0.415777		-0.0213918		-0.381115		-0.613692		0.0      
-2.88696 		0.039205 		-0.366019		-0.459165		-1.02071 		-1.20461 		-1.3227  		-0.875042		-0.982971		-1.17379 		0.0      
-4.95674 		-0.721589		-1.28666 		-1.48042 		-1.58985 		-2.01342 		-2.43568 		-1.71617 		-2.03464 		-2.28554 		0.0      
-2.59594 		0.202987 		-0.234318		-0.374132		-0.407151		-0.706706		-0.860962		-0.164996		-0.509434		-0.706741		0.0      
-2.2408  		0.308285 		-0.136337		-0.264477		-0.194784		-0.463066		-0.626048		0.0349334		-0.313695		-0.487417		0.0      
-3.04203 		0.116726 		-0.293294		-0.476914		-0.182605		-0.388318		-0.533299		-0.0213918		-0.381115		-0.613692		0.0      
-2.21566 		0.0942239		-0.298535		-0.299954		-0.674857		-0.710554		-0.516415		-0.851569		-0.796529		-0.801703		0.0      
-3.15708 		0.225444 		-0.184575		-0.368195		-0.182605		-0.450888		-0.673301		0.0389771		-0.320746		-0.553323		0.0      
15.3171  		3.52266  		4.4983   		5.3831   		4.25719  		5.13551  		5.94417  		4.23428  		5.10968  		6.01075  		1.0      
11.8967  		3.26988  		4.13617  		4.85526  		4.06797  		4.83024  		5.73342  		3.9234   		4.80011  		5.49863  		1.0      
15.8921  		3.56746  		4.46179  		5.2209   		4.25379  		5.07866  		5.94135  		4.28441  		5.15981  		6.01076  		1.0      
5.67919  		1.60609  		2.22194  		2.41978  		1.96348  		2.19955  		2.39188  		1.67191  		2.23861  		2.60333  		1.0      
15.0134  		3.62715  		4.60278  		5.41183  		4.25719  		5.05976  		5.77064  		4.23428  		5.10968  		5.935    		1.0      
12.4197  		3.2366   		3.96835  		4.68119  		4.24572  		5.09606  		5.81304  		4.15043  		4.94455  		5.47518  		1.0      
5.71319  		1.5455   		2.16135  		2.30332  		1.96348  		2.1846   		2.37702  		1.64328  		2.17978  		2.51883  		1.0      
10.0806  		2.73256  		3.34125  		4.00558  		4.12199  		4.90309  		5.30898  		3.84132  		4.48107  		4.9945   		1.0      
5.74917  		1.50137  		2.03444  		2.24718  		1.88702  		2.2399   		2.43232  		1.61875  		2.06543  		2.48228  		1.0      
3.51209  		1.11055  		1.25252  		1.29752  		1.68205  		1.90828  		2.12638  		1.30219  		1.48167  		1.61107  		1.0      
14.9679  		3.78404  		4.82349  		5.4514   		4.29321  		4.99938  		5.70401  		4.3641   		5.24114  		6.00787  		1.0      
11.4374  		3.26929  		3.72428  		4.75427  		2.55209  		3.93385  		4.96952  		2.40391  		3.07676  		4.01316  		1.0      
10.3931  		3.00225  		3.78378  		4.46037  		2.33851  		2.95736  		3.34079  		2.27963  		3.02394  		3.74501  		1.0      
13.2899  		3.08206  		3.98733  		4.37168  		4.01485  		4.72102  		5.42952  		3.9933   		4.65291  		5.26811  		1.0      
4.08041  		1.33057  		2.00543  		2.22967  		1.2645   		1.74968  		1.88457  		0.716421 		1.17988  		1.68693  		1.0      
12.4092  		2.94366  		3.87918  		4.65996  		4.20348  		5.02467  		5.49018  		3.83267  		4.68047  		5.4972   		1.0      
13.7602  		3.89414  		4.95292  		5.59168  		4.33467  		4.99239  		5.70089  		4.50066  		5.41723  		6.18338  		1.0      
4.71411  		1.67081  		1.89064  		1.97558  		1.68793  		1.99395  		2.37067  		1.50901  		1.6961   		2.01171  		1.0      
10.6901  		2.87929  		3.45123  		4.02175  		3.61     		4.15821  		4.70745  		3.69503  		4.18459  		4.80752  		1.0      
9.18246  		2.15631  		2.51211  		2.91397  		2.64872  		3.07532  		3.48393  		3.05189  		3.07296  		3.48139  		1.0      
12.8193  		3.00431  		3.79654  		4.46792  		3.67664  		4.3766   		5.29828  		3.82005  		4.45351  		5.17731  		1.0      
10.3085  		2.87929  		3.45123  		4.02175  		3.61     		4.09564  		4.56745  		3.69503  		4.18459  		4.80752  		1.0      
6.16623  		1.75247  		1.84045  		2.06889  		3.01121  		3.45098  		4.16952  		3.1447   		3.33837  		3.41233  		1.0      
6.88589  		2.1068   		2.3185   		2.69093  		3.14224  		3.82133  		4.53987  		3.55559  		3.73264  		3.79872  		1.0      
6.63626  		2.16922  		2.53175  		2.63934  		2.54334  		2.43224  		2.80221  		3.08427  		3.24127  		3.32183  		1.0      
12.2053  		2.71816  		3.4286   		4.08424  		3.49778  		4.19774  		5.11942  		3.82005  		4.19005  		4.83326  		1.0      
9.98161  		2.38109  		3.01022  		3.51505  		3.15914  		3.55447  		4.02736  		3.24767  		3.61767  		4.11146  		1.0      
6.29782  		1.79404  		2.0246   		2.21949  		3.10131  		3.39623  		3.7443   		3.01847  		3.24689  		3.59353  		1.0      
0.832042 		0.549501 		0.586208 		0.582089 		-0.164405		-0.37881 		-0.375184		-0.133231		-0.150898		-0.170611		1.0      
5.54258  		1.35714  		1.56616  		1.34319  		2.22352  		2.16087  		2.53084  		2.57692  		2.47695  		2.40656  		1.0      
3.42574  		1.28146  		1.33077  		1.63176  		0.778732 		1.05358  		1.08975  		0.87103  		0.748206 		1.05577  		1.0      
5.50375  		1.5235   		1.68426  		1.63703  		2.41944  		2.35679  		2.72676  		2.81143  		2.61124  		2.69239  		1.0      
12.8007  		3.00431  		3.79654  		4.46792  		3.67664  		4.3766   		5.29828  		3.82005  		4.45351  		5.17731  		1.0      
10.496   		2.96964  		3.71819  		4.23038  		3.58441  		4.10033  		5.02201  		3.71928  		4.49277  		5.05323  		1.0      
6.5936   		2.16922  		2.53175  		2.63934  		2.54334  		2.43224  		2.80221  		3.08427  		3.24127  		3.32183  		1.0      
6.31874  		2.23352  		2.59605  		2.70364  		2.54334  		2.43224  		2.80221  		3.08427  		3.24127  		3.32183  		1.0      
6.89591  		2.1068   		2.3185   		2.69093  		3.14224  		3.82133  		4.53987  		3.55559  		3.73264  		3.79872  		1.0      
10.496   		2.96964  		3.71819  		4.23038  		3.58441  		4.10033  		5.02201  		3.71928  		4.49277  		5.05323  		1.0      
5.72996  		1.75247  		1.84045  		1.99273  		3.01121  		3.45098  		4.16952  		3.1447   		3.33837  		3.41233  		1.0      
5.24657  		1.70964  		2.06318  		2.68198  		1.77736  		2.39842  		2.59308  		1.4231   		1.94181  		2.62763  		1.0      
6.25575  		1.54289  		1.76256  		2.42331  		1.64167  		2.47398  		3.20294  		1.37398  		1.82906  		2.60876  		1.0      
11.3722  		2.71616  		3.27707  		3.88714  		3.8092   		4.79327  		5.88466  		3.79574  		4.29909  		5.02811  		1.0      
10.5803  		2.62866  		3.34147  		4.07119  		4.09553  		4.87094  		5.35466  		3.6151   		4.35522  		5.14658  		1.0      
4.30723  		0.807114 		0.849596 		1.29021  		1.18514  		1.74599  		2.30624  		0.819921 		1.1008   		1.65737  		1.0      
14.6045  		3.53989  		4.46617  		5.34964  		4.24675  		5.1021   		5.80466  		4.0753   		5.03887  		5.9412   		1.0      
13.2277  		3.70787  		4.36199  		5.27842  		4.12902  		5.06464  		6.15603  		4.35777  		5.10974  		5.98972  		1.0      
1.90553  		0.809864 		0.806042 		0.975038 		-0.366462		-0.204883		-0.0899511		-0.372161		-0.148932		-0.0325723		1.0      
6.23755  		2.33995  		2.49786  		2.70282  		2.6855   		2.87464  		3.3349   		3.22805  		3.34027  		3.48115  		1.0      
5.92334  		1.71252  		1.68812  		1.99595  		2.79925  		3.34553  		4.06971  		3.12127  		3.08798  		3.17211  		1.0      
3.53745  		1.34081  		1.49595  		1.79924  		0.820821 		1.04024  		1.15004  		0.767335 		0.9708   		1.27102  		1.0      
11.556   		2.81298  		3.49635  		4.0803   		3.40154  		4.24389  		5.17567  		3.66949  		4.15828  		4.55778  		1.0      
7.46041  		2.05093  		2.39629  		2.70611  		2.95357  		3.22029  		3.94447  		3.17223  		3.53     		3.54743  		1.0      
13.5073  		2.98756  		3.69673  		4.55258  		3.83676  		4.75667  		5.68846  		3.85418  		4.62263  		5.40631  		1.0      
0.846208 		0.689631 		0.568246 		0.565352 		-0.513551		-0.486609		-0.525021		-0.361436		-0.298982		-0.364664		1.0      
10.8413  		2.96591  		3.64474  		4.33909  		3.54241  		4.38476  		5.31655  		3.80605  		4.4834   		4.99789  		1.0      
9.93337  		2.43393  		2.93642  		3.44475  		3.19771  		3.72791  		4.1761   		3.46311  		3.72907  		4.21226  		1.0      
7.24243  		2.27945  		2.61336  		3.05793  		3.39229  		3.76595  		4.49013  		3.61896  		3.89235  		4.15302  		1.0      
7.46041  		2.05093  		2.39629  		2.70611  		2.95357  		3.22029  		3.94447  		3.17223  		3.53     		3.54743  		1.0      
3.32991  		1.31454  		1.519    		2.18842  		0.269558 		0.885537 		1.21054  		-0.208647		0.399948 		0.853684 		1.0      
1.72879  		0.814416 		0.670894 		0.709265 		-0.218345		-0.115655		0.217596 		-0.414411		-0.177893		-0.0460826		1.0      
7.58611  		2.27945  		2.61336  		3.05793  		3.39229  		3.76595  		4.49013  		3.61896  		3.89235  		4.15302  		1.0      
6.65669  		1.91533  		2.08576  		2.39165  		3.12595  		3.61408  		3.7517   		3.23026  		3.43213  		3.66162  		1.0      
10.3105  		2.43393  		2.93642  		3.44475  		3.19771  		3.72791  		4.1761   		3.46311  		3.72907  		4.21226  		1.0      
5.99696  		1.39828  		1.54071  		1.39512  		2.20981  		2.38852  		2.78934  		2.73142  		2.53633  		2.41997  		1.0      
6.93711  		1.79875  		2.00894  		2.37143  		3.07104  		3.61732  		4.34149  		3.02685  		3.33206  		3.51723  		1.0      
3.79884  		1.5092   		1.57141  		1.97888  		0.950016 		1.26588  		1.32497  		0.962922 		1.15457  		1.5369   		1.0      
6.50608  		1.99412  		2.38016  		2.80813  		3.28162  		3.76974  		3.81609  		3.16402  		3.64221  		3.93307  		1.0      
3.23495  		1.4476   		1.53007  		1.79611  		0.755625 		0.975047 		1.02541  		0.954526 		1.03334  		1.28615  		1.0      
10.613   		2.73448  		3.23757  		3.92828  		3.31234  		4.18317  		4.83683  		3.6244   		3.97864  		4.6421   		1.0      
7.28704  		1.92395  		2.1415   		2.53281  		2.61298  		3.26044  		3.95571  		3.16662  		3.14747  		3.46359  		1.0      
4.27761  		1.38428  		1.70843  		1.93109  		1.06477  		1.25523  		1.40875  		0.913902 		1.43045  		1.59583  		1.0      
12.4771  		3.8218   		4.70103  		5.54849  		3.64928  		4.51205  		5.33346  		3.60575  		4.61494  		5.16279  		1.0      
6.53053  		1.86901  		2.03255  		2.40574  		2.96354  		3.55617  		3.74456  		3.18517  		3.169    		3.60697  		1.0      
8.94908  		2.35923  		2.99751  		3.25547  		2.82153  		3.05493  		3.58919  		2.83613  		3.43723  		3.62772  		1.0      
3.62033  		1.41636  		1.74051  		1.82849  		1.06477  		1.04814  		1.09931  		0.841497 		1.35805  		1.44768  		1.0      
6.40414  		1.80257  		2.06925  		2.38894  		2.73248  		3.39344  		4.08871  		3.28643  		3.20452  		3.46957  		1.0      
5.71951  		2.40605  		2.67492  		2.88728  		2.58236  		2.59857  		3.09343  		2.90437  		3.20064  		3.35746  		1.0      
9.79165  		2.67083  		3.38173  		3.90749  		3.36216  		4.0469   		4.51924  		3.63325  		4.14979  		4.67501  		1.0      
7.57117  		1.78966  		2.10852  		2.68225  		3.11921  		3.85172  		4.23889  		3.05963  		3.2595   		3.83731  		1.0      
5.75772  		2.47035  		2.73922  		2.99006  		2.62084  		2.63704  		3.1319   		2.90437  		3.20064  		3.39593  		1.0      
1.64816  		0.950239 		1.17963  		1.36266  		-0.154881		-0.131688		-0.155869		-0.314261		0.222366 		0.383242 		1.0      
8.18999  		2.21426  		2.78098  		2.88222  		3.17851  		3.37598  		3.74537  		3.22289  		3.66333  		3.69778  		1.0      
8.90251  		3.01124  		3.73147  		4.02819  		3.55564  		3.57333  		4.00903  		3.65784  		4.41256  		4.59796  		1.0      
1.99554  		1.14759  		1.33758  		1.35093  		0.679828 		0.529067 		0.366085 		0.462941 		0.767649 		0.869871 		1.0      
9.93875  		2.69607  		3.32144  		3.76091  		3.2469   		3.82881  		4.2834   		3.5089   		3.90609  		4.54463  		1.0      
9.34921  		2.40668  		3.12422  		3.63481  		3.5307   		4.12332  		4.21524  		3.31632  		3.96892  		4.61112  		1.0      
8.18387  		2.17805  		2.51866  		3.12249  		3.10968  		3.98051  		4.61641  		3.33746  		3.57046  		4.25406  		1.0      
12.5606  		3.12178  		4.02234  		4.89834  		3.88637  		4.83321  		5.81057  		3.88401  		4.73368  		5.55739  		1.0      
8.82516  		1.9496   		2.21427  		2.70404  		3.21294  		4.08363  		4.95766  		3.15681  		3.38028  		4.05335  		1.0      
5.60523  		1.38843  		1.67415  		1.71638  		2.47227  		2.60284  		3.02648  		2.83715  		2.80407  		2.64877  		1.0      
5.63189  		2.21681  		2.61731  		2.72558  		2.75984  		2.71864  		3.09491  		3.29852  		3.53272  		3.39185  		1.0      
10.8208  		3.10902  		3.79601  		4.45508  		3.68645  		4.44637  		5.29973  		3.60676  		4.40012  		4.72393  		1.0      
4.91377  		1.57109  		1.76982  		1.76175  		2.67442  		2.68166  		3.05793  		3.02568  		2.90269  		2.80089  		1.0      
5.88865  		2.21681  		2.61731  		2.72558  		2.75984  		2.71864  		3.09491  		3.29852  		3.53272  		3.39185  		1.0      
12.3213  		2.90344  		3.49108  		4.27602  		3.48473  		4.43157  		5.34988  		3.71224  		4.15103  		4.8396   		1.0      
10.0022  		2.10641  		2.55986  		3.1815   		3.27786  		4.2247   		5.143    		3.34144  		3.55402  		4.17132  		1.0      
5.63675  		1.53261  		1.61598  		1.91527  		2.60774  		3.2552   		3.95047  		3.14473  		2.89937  		3.21549  		1.0      
2.05623  		0.877003 		0.870497 		1.03672  		-0.07553 		-0.0538215		0.066391 		-0.117891		0.123368 		0.255663 		1.0      
3.44218  		1.41636  		1.74051  		1.82849  		1.06477  		1.04814  		1.09931  		0.841497 		1.35805  		1.44768  		1.0      
8.86018  		2.66899  		3.29996  		3.6379   		3.1789   		3.44358  		3.96911  		3.04708  		3.72069  		4.00308  		1.0      
11.3297  		3.09372  		3.57921  		4.40999  		3.5524   		4.49924  		5.41754  		3.84879  		4.25805  		4.98103  		1.0      
8.64891  		1.99118  		2.21193  		2.60975  		2.6713   		3.26244  		4.13647  		3.17312  		3.24446  		3.67335  		1.0      
5.04126  		1.58274  		1.55358  		1.65129  		2.39345  		2.4065   		2.88957  		2.77948  		2.61359  		2.51715  		1.0      
4.84907  		2.16383  		2.24945  		2.40467  		2.68103  		2.69871  		3.13442  		3.16946  		3.27084  		3.1803   		1.0      
5.00784  		1.58274  		1.55358  		1.65129  		2.39345  		2.4065   		2.88957  		2.77948  		2.61359  		2.51715  		1.0      
5.25278  		2.22813  		2.31375  		2.50744  		2.7195   		2.73719  		3.17289  		3.16946  		3.27084  		3.21877  		1.0      
12.0121  		2.74984  		3.54929  		4.31488  		3.63984  		4.58669  		5.56405  		3.74745  		4.30291  		5.01163  		1.0      
5.55869  		1.43507  		1.88111  		2.00961  		2.73466  		2.87905  		3.35825  		2.90955  		3.11551  		3.03069  		1.0      
6.97523  		2.2666   		2.8081   		2.99181  		2.98955  		3.12814  		3.55997  		3.23437  		3.67684  		3.60704  		1.0      
2.88039  		1.00275  		1.14453  		1.73989  		-0.119264		0.636281 		1.04101  		-0.470951		0.0429969		0.428189 		1.0      
5.99763  		1.6008   		1.86827  		2.20268  		2.81161  		3.33857  		3.87059  		2.95317  		3.10012  		3.62912  		1.0      
8.2319   		1.94757  		2.33597  		2.79126  		3.05177  		3.70961  		4.58364  		3.2755   		3.45424  		4.09257  		1.0      
4.91377  		1.57109  		1.76982  		1.76175  		2.67442  		2.68166  		3.05793  		3.02568  		2.90269  		2.80089  		1.0      
8.2319   		1.94757  		2.33597  		2.79126  		3.05177  		3.70961  		4.58364  		3.2755   		3.45424  		4.09257  		1.0      
5.63189  		2.21681  		2.61731  		2.72558  		2.75984  		2.71864  		3.09491  		3.29852  		3.53272  		3.39185  		1.0      
12.5606  		3.12178  		4.02234  		4.89834  		3.88637  		4.83321  		5.81057  		3.88401  		4.73368  		5.55739  		1.0      
5.88865  		2.21681  		2.61731  		2.72558  		2.75984  		2.71864  		3.09491  		3.29852  		3.53272  		3.39185  		1.0      
5.61856  		2.28111  		2.68161  		2.82836  		2.79832  		2.75711  		3.13338  		3.29852  		3.53272  		3.43032  		1.0      
8.96909  		2.13165  		2.5315   		2.9686   		3.09547  		3.68661  		4.56064  		3.30219  		3.57823  		4.08355  		1.0      
5.79623  		1.73022  		2.00863  		2.06253  		2.68464  		2.72896  		3.14387  		3.10847  		3.07121  		2.93949  		1.0      
5.87532  		2.28111  		2.68161  		2.82836  		2.79832  		2.75711  		3.13338  		3.29852  		3.53272  		3.43032  		1.0      
