origin_200 mse:61.090718527086494 ,acc=1.0
OOitr_30_100_3 : mse=2.1070932199877825 ,acc=0.9622641509433962
	30 is chosen from 100 trees
OOitr_40_100_3 : mse=3.820678279243375 ,acc=0.9937106918238994
	40 is chosen from 100 trees
OOitr_50_100_3 : mse=5.967354816286664 ,acc=0.9937106918238994
	50 is chosen from 100 trees
OOitr_30_60_15 : mse=4.43820795655819 ,acc=0.9937106918238994
	30 is chosen from 60 trees
OOitr_40_60_15 : mse=6.81148478572727 ,acc=0.9874213836477987
	40 is chosen from 60 trees
OOitr_50_60_15 : mse=10.125971667370534 ,acc=0.9937106918238994
	50 is chosen from 60 trees
OOitr_30_80_20 : mse=4.508658191439367 ,acc=0.9811320754716981
	30 is chosen from 80 trees
OOitr_40_80_20 : mse=6.432043043007361 ,acc=0.9937106918238994
	40 is chosen from 80 trees
OOitr_50_80_20 : mse=9.123195647932512 ,acc=1.0
	50 is chosen from 80 trees

origin   		oo_15    		oo_20    		oo_25    		oo_15    		oo_20    		oo_25    		oo_15    		oo_20    		oo_25    		label
-3.65868 		-0.226881		-0.604553		-0.731011		-0.8147  		-0.756284		-0.961596		-0.64031 		-0.972161		-1.14729 		0.0      
-6.57059 		-0.684023		-1.21343 		-1.78545 		-1.49233 		-1.99922 		-2.53881 		-1.28866 		-1.77513 		-2.36436 		0.0      
-2.18725 		-0.321269		-0.472105		-0.616819		-0.387831		-0.681118		-1.02043 		-0.502839		-0.701434		-0.81026 		0.0      
-5.96768 		-0.722549		-1.26047 		-1.78957 		-1.35446 		-1.8744  		-2.44815 		-1.17026 		-1.6138  		-2.21155 		0.0      
-3.3597  		-0.571577		-0.997796		-1.36945 		-1.14456 		-1.28482 		-1.65795 		-1.23277 		-1.50401 		-1.80594 		0.0      
-2.85641 		-0.0591761		-0.13609 		-0.309052		-0.438445		-0.730762		-0.822836		-0.634043		-0.945746		-1.07553 		0.0      
-2.18725 		-0.321269		-0.472105		-0.616819		-0.387831		-0.681118		-1.02043 		-0.502839		-0.701434		-0.81026 		0.0      
-2.97215 		-0.625089		-0.775925		-0.920638		-0.435815		-0.729102		-1.06841 		-0.641504		-0.840099		-0.948924		0.0      
-6.97799 		-0.607687		-1.10575 		-1.65325 		-1.60862 		-2.099   		-2.77076 		-1.76739 		-2.01346 		-2.46987 		0.0      
-4.62029 		-0.526279		-0.778407		-0.884854		-0.688016		-0.813646		-1.13983 		-1.10922 		-1.24168 		-1.22641 		0.0      
-6.79432 		-0.594023		-0.854527		-1.31243 		-1.382   		-1.83    		-2.23813 		-1.68561 		-1.71579 		-2.01293 		0.0      
-6.42586 		-0.911571		-1.42797 		-1.63393 		-1.8949  		-2.30302 		-2.53421 		-1.92266 		-2.22164 		-2.69039 		0.0      
-5.36335 		-0.952317		-1.46872 		-1.67468 		-1.8949  		-2.30302 		-2.50005 		-1.92266 		-2.22164 		-2.69039 		0.0      
-6.01009 		-0.662919		-1.16728 		-1.36809 		-0.907309		-1.24655 		-1.81767 		-1.21033 		-1.39248 		-1.59007 		0.0      
-4.83431 		-0.555539		-0.848941		-0.986992		-0.736462		-0.981625		-1.30781 		-1.18902 		-1.29411 		-1.32854 		0.0      
-6.01009 		-0.662919		-1.16728 		-1.36809 		-0.907309		-1.24655 		-1.81767 		-1.21033 		-1.39248 		-1.59007 		0.0      
-6.01009 		-0.662919		-1.16728 		-1.36809 		-0.907309		-1.24655 		-1.81767 		-1.21033 		-1.39248 		-1.59007 		0.0      
-7.76244 		-0.904418		-1.54608 		-2.12667 		-1.87674 		-2.44428 		-2.9107  		-2.01543 		-2.40553 		-2.84346 		0.0      
-2.37741 		-0.112049		-0.275227		-0.54234 		-0.557379		-0.567303		-0.509289		-0.586799		-0.996649		-1.05008 		0.0      
-2.56399 		0.320015 		0.230186 		0.147593 		-0.137535		-0.302356		-0.579392		-0.219329		-0.165351		-0.33414 		0.0      
-3.54522 		0.0562065		-0.162406		-0.338407		-0.317645		-0.545744		-0.899366		-0.537916		-0.57123 		-0.780547		0.0      
-5.70045 		-0.629305		-1.14034 		-1.55976 		-1.3453  		-1.75665 		-2.05286 		-1.38499 		-1.86941 		-2.17833 		0.0      
-4.82019 		-0.440871		-0.829609		-1.06688 		-0.609546		-0.931721		-1.53028 		-0.83713 		-0.906667		-1.27914 		0.0      
-5.6413  		-0.618109		-1.12914 		-1.54857 		-1.36042 		-1.77176 		-2.11116 		-1.36849 		-1.85291 		-2.16183 		0.0      
-5.70045 		-0.629305		-1.14034 		-1.55976 		-1.3453  		-1.75665 		-2.05286 		-1.38499 		-1.86941 		-2.17833 		0.0      
-3.10842 		-0.340744		-0.729482		-0.880915		-0.495282		-0.817457		-1.25529 		-0.616548		-0.686085		-0.972716		0.0      
-3.18168 		0.209175 		-0.112464		-0.446738		-0.679128		-0.921745		-1.44907 		-0.724563		-0.746451		-0.944815		0.0      
-4.41285 		-0.565225		-0.908946		-0.991729		-1.60308 		-1.60891 		-2.06919 		-1.70245 		-1.88039 		-2.21915 		0.0      
-3.73461 		-0.815558		-0.945647		-0.994557		-1.05909 		-1.39761 		-1.84476 		-1.07993 		-0.836055		-1.09201 		0.0      
-2.12786 		0.070174 		-0.243879		-0.387585		-0.0697659		-0.118022		-0.0914908		0.0722066		-0.318284		-0.597535		0.0      
-6.98724 		-1.16659 		-1.74796 		-2.20716 		-1.49487 		-1.99581 		-2.44297 		-1.25721 		-1.83138 		-2.38486 		0.0      
-5.58881 		-0.618109		-1.12914 		-1.54857 		-1.36042 		-1.77176 		-2.11116 		-1.36849 		-1.85291 		-2.16183 		0.0      
-6.06658 		-0.781602		-1.10283 		-1.35898 		-1.33422 		-1.64796 		-1.93431 		-1.28763 		-1.85354 		-2.11562 		0.0      
-2.06243 		0.0265392		-0.164228		-0.33304 		-0.47889 		-0.52434 		-0.66643 		-0.1349  		-0.60954 		-0.788963		0.0      
-5.78237 		-0.375299		-0.852008		-1.34227 		-1.6792  		-2.01572 		-2.61963 		-1.61111 		-2.0137  		-2.354   		0.0      
-2.32811 		-0.048057		-0.238825		-0.429133		-0.47889 		-0.52434 		-0.66643 		-0.1349  		-0.60954 		-0.788963		0.0      
-7.08306 		-1.53187 		-1.95767 		-2.31711 		-1.59835 		-1.93686 		-2.38402 		-1.45372 		-2.01435 		-2.41457 		0.0      
-2.9051  		0.0276988		-0.286354		-0.43006 		-0.0697659		-0.118022		-0.0914908		0.0722066		-0.318284		-0.597535		0.0      
13.4756  		3.56085  		4.33671  		4.9768   		4.26351  		5.06316  		5.99438  		4.17395  		4.89091  		5.72872  		1.0      
10.5784  		2.97491  		3.7667   		4.54291  		4.04801  		4.94189  		5.8667   		3.70259  		4.52834  		5.40886  		1.0      
9.41057  		2.4296   		2.92043  		3.31732  		2.33463  		2.7299   		3.11937  		2.04464  		2.70213  		3.36268  		1.0      
6.40221  		1.90741  		2.13006  		2.59378  		1.85589  		2.20786  		2.27834  		1.23752  		2.00381  		2.56254  		1.0      
15.2942  		3.89344  		4.75482  		5.711    		4.25292  		5.24233  		6.30559  		4.36313  		5.26074  		6.02849  		1.0      
10.9429  		2.87995  		3.48304  		4.0794   		4.04801  		5.01935  		5.98079  		3.70259  		4.20971  		5.05388  		1.0      
8.31835  		2.36994  		2.73199  		3.076    		2.33463  		2.66663  		2.86919  		2.04464  		2.57335  		3.2339   		1.0      
9.95417  		2.80625  		3.20793  		3.56108  		3.96415  		4.47102  		4.82913  		3.57474  		3.95919  		4.6261   		1.0      
15.0662  		3.89326  		4.68939  		5.46425  		4.35895  		5.28334  		6.11851  		4.36352  		5.26113  		6.02888  		1.0      
10.8009  		3.14538  		3.52773  		3.88089  		4.13121  		4.68045  		5.04622  		3.80717  		4.23812  		4.88571  		1.0      
10.0376  		2.90125  		3.4915   		4.01744  		3.94133  		4.61642  		5.36074  		3.62668  		4.21486  		5.00283  		1.0      
11.8542  		3.34486  		3.94795  		4.54431  		4.203    		5.17434  		6.13577  		4.01546  		4.52257  		5.36674  		1.0      
10.6796  		3.05457  		3.43692  		3.79008  		4.14633  		4.69557  		5.06133  		3.79066  		4.22162  		4.86921  		1.0      
10.732   		3.14538  		3.52773  		3.88089  		4.13121  		4.68045  		5.04622  		3.80717  		4.23812  		4.88571  		1.0      
6.04606  		2.24142  		2.53225  		2.99597  		2.07152  		2.40576  		2.48098  		1.59432  		2.34392  		2.97084  		1.0      
12.4615  		2.9315   		3.80104  		4.66273  		4.04423  		4.82798  		5.58255  		3.66249  		4.67572  		5.55765  		1.0      
14.1278  		3.54415  		4.11747  		4.84149  		4.34256  		4.97451  		5.6312   		4.10182  		4.99497  		5.71654  		1.0      
9.31857  		2.34453  		3.06335  		3.76241  		1.64673  		2.37673  		3.09139  		1.32044  		2.2742   		3.07265  		1.0      
14.1909  		3.82587  		4.8544   		5.92886  		2.80543  		3.95966  		5.2799   		2.66855  		3.7415   		4.80224  		1.0      
12.8844  		3.28195  		4.06573  		4.79335  		4.11391  		4.72903  		5.41234  		3.97038  		4.86094  		5.63989  		1.0      
12.0651  		2.98863  		3.62136  		4.40936  		3.76345  		4.62943  		5.3869   		3.7992   		4.24222  		4.92133  		1.0      
14.3748  		3.68079  		4.55033  		5.41202  		4.3432   		5.06368  		5.81595  		4.21733  		5.23055  		6.11248  		1.0      
4.56429  		1.9716   		2.02389  		2.46811  		1.83693  		2.12738  		2.09071  		1.15774  		1.60076  		2.07575  		1.0      
14.422   		3.88537  		4.52427  		5.2672   		4.41509  		5.15062  		5.90217  		4.26319  		5.20352  		5.92754  		1.0      
14.8346  		3.84975  		4.64175  		5.62482  		4.33261  		5.3111   		6.05879  		4.30836  		5.24869  		6.06055  		1.0      
13.9642  		3.43233  		4.39492  		5.3516   		4.28269  		5.23813  		6.20751  		4.05884  		5.07206  		6.04619  		1.0      
14.0362  		3.43233  		4.39492  		5.3516   		4.28269  		5.23813  		6.20751  		4.05884  		5.07206  		6.04619  		1.0      
5.1788   		1.28103  		1.78357  		2.35344  		1.11181  		1.53045  		1.75171  		0.676233 		1.53057  		2.11971  		1.0      
9.82804  		3.13891  		3.6942   		4.41563  		2.52432  		3.25986  		3.79429  		2.13453  		3.07486  		3.79887  		1.0      
13.0561  		3.20042  		4.03043  		4.75656  		4.18735  		4.97742  		5.66838  		3.97167  		4.90874  		5.73392  		1.0      
14.0481  		3.43233  		4.39492  		5.3516   		4.28269  		5.23813  		6.20751  		4.05884  		5.07206  		6.04619  		1.0      
5.22285  		1.68494  		2.00623  		2.29886  		1.79937  		2.24259  		2.49743  		1.38723  		1.83939  		2.41127  		1.0      
10.4955  		2.46288  		2.88443  		3.53131  		3.45541  		3.96822  		4.84892  		3.91317  		3.99335  		4.36014  		1.0      
5.63115  		1.37536  		1.71919  		1.95119  		2.49108  		3.01552  		3.77059  		3.00754  		2.84287  		2.88861  		1.0      
8.91885  		2.4467   		2.78563  		2.99093  		3.28449  		3.54833  		3.95617  		3.37542  		3.76263  		3.97875  		1.0      
4.06352  		1.38214  		1.49234  		1.69763  		1.22883  		1.49267  		1.8703   		1.24676  		1.17074  		1.38686  		1.0      
6.38213  		1.79342  		2.17223  		2.54123  		3.08228  		3.49064  		4.16434  		3.33699  		3.34708  		3.59856  		1.0      
5.96674  		1.69096  		2.03479  		2.26679  		2.77962  		3.30406  		4.05913  		3.29608  		3.13141  		3.17715  		1.0      
11.4529  		3.14085  		3.78109  		4.34521  		3.78536  		4.31297  		5.19692  		4.09279  		4.68338  		5.09875  		1.0      
7.22745  		1.96921  		2.48506  		2.94506  		3.19138  		3.69284  		4.36425  		3.33699  		3.53724  		3.97284  		1.0      
8.65412  		2.48101  		2.78766  		2.86468  		3.19784  		3.36297  		3.86568  		3.37763  		3.72825  		3.88977  		1.0      
5.2933   		1.50707  		1.81592  		2.48959  		1.38846  		1.69334  		1.83256  		1.27042  		1.8767   		2.55519  		1.0      
12.5758  		3.55268  		4.22897  		4.93936  		4.28526  		5.04004  		5.79052  		4.19074  		4.97361  		5.86771  		1.0      
11.6743  		2.99812  		3.7018   		4.50719  		4.06975  		5.05951  		6.0271   		3.71938  		4.50226  		5.48855  		1.0      
7.92176  		2.1805   		2.42622  		3.04701  		1.86911  		2.17082  		2.53234  		1.8147   		2.45323  		3.13173  		1.0      
3.89179  		0.928374 		1.10844  		1.72923  		1.27162  		1.51322  		1.65245  		0.761383 		1.33671  		2.01521  		1.0      
15.6661  		4.07008  		5.09252  		6.08364  		4.5138   		5.54906  		6.62914  		4.4188   		5.42377  		6.41574  		1.0      
5.26009  		1.52955  		1.95031  		2.56119  		1.79471  		2.02759  		2.15883  		1.40801  		2.07669  		2.59077  		1.0      
12.48    		3.40155  		4.2477   		5.10389  		4.0906   		5.0029   		5.93386  		3.89811  		4.80608  		5.74443  		1.0      
5.24912  		1.87707  		2.34195  		2.98069  		1.90396  		2.13966  		2.38763  		1.54264  		2.28958  		2.98489  		1.0      
5.81106  		1.87707  		2.34195  		2.98069  		1.90396  		2.13966  		2.38763  		1.54264  		2.28958  		2.98489  		1.0      
11.1526  		2.36405  		2.71426  		3.14879  		3.42004  		3.89632  		4.8188   		3.6953   		3.73957  		3.90114  		1.0      
6.07229  		1.61185  		1.89642  		1.98712  		2.71171  		3.25009  		4.01043  		3.10161  		2.96089  		2.96288  		1.0      
13.7439  		3.4312   		4.17513  		4.70104  		3.57122  		4.3208   		5.45891  		4.05822  		4.36362  		4.97052  		1.0      
8.94341  		2.29654  		2.65587  		3.02327  		3.27249  		4.07295  		4.86992  		3.34907  		3.42415  		3.83508  		1.0      
5.30934  		1.80674  		1.85121  		1.83826  		2.8961   		3.09672  		3.15604  		3.00971  		2.92376  		3.06082  		1.0      
5.19615  		1.83007  		1.87454  		1.8616   		2.88099  		3.08161  		3.14092  		3.02621  		2.94026  		3.07732  		1.0      
5.94782  		1.484    		1.7873   		2.1128   		2.62641  		2.90835  		3.50238  		3.155    		3.13508  		3.00971  		1.0      
7.29191  		1.76349  		2.12817  		2.55219  		2.92102  		3.54979  		3.96892  		3.14897  		3.26783  		3.66059  		1.0      
9.36838  		2.36095  		2.65278  		2.89991  		3.32037  		3.67601  		4.12035  		3.28896  		3.62373  		3.75093  		1.0      
3.48241  		0.785501 		1.10533  		1.38194  		-0.6711  		-0.115856		0.563012 		-0.205483		-0.120476		0.132772 		1.0      
5.37496  		1.92673  		1.96006  		1.91551  		2.92104  		3.00213  		3.06144  		2.92992  		3.05072  		3.13807  		1.0      
5.86365  		2.01636  		2.28473  		2.33127  		2.99702  		3.0781   		3.22986  		2.94642  		3.2366   		3.41503  		1.0      
3.5678   		1.68614  		1.78369  		2.0023   		1.06884  		1.3493   		1.77116  		0.899565 		1.07587  		1.446    		1.0      
11.0116  		2.49396  		2.94257  		3.58902  		3.53077  		4.13539  		5.02765  		3.77468  		4.04544  		4.28105  		1.0      
7.48486  		2.19989  		2.74279  		3.19661  		3.38898  		3.8932   		4.5655   		3.3739   		3.84486  		4.27886  		1.0      
11.4104  		3.26918  		3.9232   		4.48689  		4.01087  		4.65382  		5.33222  		4.12226  		4.6234   		5.20512  		1.0      
9.32241  		2.92694  		3.25332  		3.52827  		3.65024  		4.0576   		4.78807  		3.8405   		4.1855   		4.5207   		1.0      
0.629475 		0.929251 		0.710638 		0.62048  		0.158796 		-0.00920227		-0.140527		0.237497 		0.267383 		0.143908 		1.0      
6.3423   		2.15569  		2.42526  		2.55309  		3.25688  		3.60296  		4.17271  		3.22206  		3.56706  		3.76658  		1.0      
12.0958  		3.12133  		3.98638  		4.92836  		3.73638  		4.43825  		5.36895  		3.83627  		4.64909  		5.26199  		1.0      
9.12741  		2.57384  		3.25922  		3.89906  		2.7956   		3.31019  		3.74024  		2.88503  		3.44219  		3.81201  		1.0      
3.7285   		1.49706  		1.74943  		2.01508  		0.783204 		1.20994  		1.37984  		0.950128 		1.34891  		1.3973   		1.0      
9.89057  		2.92381  		3.54577  		4.07901  		3.70043  		4.05734  		4.25344  		3.46281  		4.27943  		4.82052  		1.0      
9.91069  		2.97718  		3.55298  		4.04569  		3.50854  		3.77155  		3.89106  		3.57223  		4.24641  		4.70082  		1.0      
12.7726  		3.25924  		4.20216  		5.1281   		4.1707   		5.0952   		6.04278  		4.01918  		4.96561  		5.87475  		1.0      
8.33181  		2.01023  		2.58343  		3.03568  		3.09232  		3.5571   		4.28758  		3.16703  		3.78259  		4.14357  		1.0      
6.17001  		1.31581  		1.5668   		1.94496  		2.66354  		2.98652  		3.60198  		3.16505  		3.0452   		3.11916  		1.0      
11.1176  		2.4583   		3.38041  		4.26008  		3.5578   		4.4823   		5.42989  		3.35353  		4.12577  		5.01902  		1.0      
6.18683  		1.23699  		1.63909  		1.96779  		2.48339  		3.07273  		3.64248  		2.87786  		2.77548  		3.09769  		1.0      
5.85372  		2.00105  		2.36501  		2.60299  		3.04114  		3.06857  		3.20309  		2.83554  		3.21448  		3.47612  		1.0      
5.3917   		1.91311  		2.28557  		2.44011  		2.96714  		3.00762  		3.06556  		2.93366  		3.23065  		3.46027  		1.0      
9.91036  		2.69859  		3.4501   		4.20149  		3.74124  		4.14203  		4.76074  		3.67285  		4.4744   		5.11749  		1.0      
6.2814   		1.73346  		2.05802  		2.35342  		2.83082  		3.06814  		3.46973  		3.28066  		3.2881   		3.45234  		1.0      
5.67221  		2.01998  		2.33229  		2.48534  		3.09314  		3.17599  		3.24158  		3.00085  		3.30352  		3.51382  		1.0      
5.55902  		2.04331  		2.35562  		2.50867  		3.07802  		3.16088  		3.22647  		3.01735  		3.32003  		3.53032  		1.0      
7.73299  		2.74624  		3.22189  		3.52631  		3.54073  		3.85474  		4.05084  		3.30604  		3.85159  		4.22493  		1.0      
6.81822  		1.81681  		2.21891  		2.5476   		2.95465  		3.4807   		4.05045  		3.1664   		3.24674  		3.56894  		1.0      
4.93189  		2.04331  		2.35562  		2.50867  		3.07802  		3.16088  		3.22647  		3.01735  		3.32003  		3.53032  		1.0      
9.91036  		2.69859  		3.4501   		4.20149  		3.74124  		4.14203  		4.76074  		3.67285  		4.4744   		5.11749  		1.0      
11.4792  		3.1742   		4.09631  		4.97598  		4.10353  		5.02803  		5.97562  		3.95494  		4.82938  		5.72262  		1.0      
5.68185  		1.60709  		1.95237  		2.21979  		2.86027  		3.32505  		3.8948   		3.1028   		3.18313  		3.45549  		1.0      
10.4963  		2.70413  		3.3099   		3.87769  		3.44817  		4.1362   		4.95725  		3.61194  		4.19646  		4.54783  		1.0      
13.0905  		3.6758   		4.68834  		5.70022  		3.42503  		4.36488  		5.36402  		3.62562  		4.45784  		5.26494  		1.0      
9.89435  		2.55609  		3.18566  		3.84394  		3.78465  		4.51483  		5.46242  		3.54832  		4.05171  		4.71469  		1.0      
5.7928   		2.01009  		2.31754  		2.61072  		2.71017  		2.8538   		2.92105  		2.61127  		2.73634  		2.98955  		1.0      
6.27275  		1.81614  		2.04939  		2.12292  		2.87756  		3.26509  		4.17605  		3.18998  		3.03736  		3.21456  		1.0      
6.02788  		2.30942  		2.59754  		2.97656  		2.82105  		3.00705  		3.08196  		2.69496  		2.86654  		3.18628  		1.0      
12.034   		2.72517  		3.37237  		3.98779  		3.61184  		4.53634  		5.48393  		3.80388  		3.86568  		4.63056  		1.0      
8.50808  		1.98595  		2.32025  		2.52324  		2.8663   		3.45564  		4.37301  		3.41169  		3.14261  		3.40918  		1.0      
10.5914  		2.11558  		2.76277  		3.37819  		3.37425  		4.29875  		5.24634  		3.33252  		3.37225  		4.13713  		1.0      
7.92736  		1.60205  		1.97954  		2.18185  		2.77188  		3.48339  		4.39435  		3.01883  		2.78629  		3.10458  		1.0      
10.6636  		2.86538  		3.59057  		4.11125  		3.3026   		3.93978  		4.73333  		3.74045  		3.87175  		4.58187  		1.0      
7.27056  		2.26086  		2.54095  		2.72314  		2.96929  		3.2323   		3.3518   		3.19844  		3.06811  		3.37826  		1.0      
6.31848  		1.5001   		1.75686  		1.94901  		2.52362  		2.8005   		3.20209  		2.97111  		2.70926  		2.81787  		1.0      
10.9282  		2.54293  		3.19013  		3.80555  		3.63144  		4.55594  		5.50353  		3.64539  		3.78731  		4.55219  		1.0      
5.54994  		1.64042  		1.90118  		2.01544  		2.87276  		3.11804  		3.18363  		2.94301  		2.79599  		3.08682  		1.0      
5.46926  		1.62509  		1.87704  		2.00417  		2.67317  		2.79119  		2.90925  		2.90171  		2.75795  		2.98464  		1.0      
5.56256  		1.29392  		1.57141  		1.71312  		2.55306  		3.01785  		3.74832  		2.79325  		2.60429  		2.82102  		1.0      
6.03379  		1.23699  		1.63909  		1.96779  		2.48339  		3.07273  		3.64248  		2.87786  		2.77548  		3.09769  		1.0      
11.4736  		3.40412  		4.27872  		4.94143  		3.68215  		4.31965  		5.11319  		3.95746  		4.62221  		5.30883  		1.0      
10.0829  		2.65686  		3.40837  		4.15976  		3.74124  		4.14203  		4.76074  		3.67285  		4.4744   		5.11749  		1.0      
13.5596  		3.51486  		4.43696  		5.31664  		4.16405  		5.08855  		6.03613  		4.11343  		4.98787  		5.88111  		1.0      
10.0317  		2.65611  		3.40763  		4.15902  		3.74124  		4.14203  		4.76074  		3.67285  		4.4744   		5.11749  		1.0      
8.56435  		1.6683   		2.19989  		2.66646  		2.80847  		3.51999  		4.43095  		3.03984  		3.14253  		3.58918  		1.0      
11.4736  		3.40412  		4.27872  		4.94143  		3.68215  		4.31965  		5.11319  		3.95746  		4.62221  		5.30883  		1.0      
8.38972  		2.45754  		2.85963  		3.18833  		3.25362  		3.77968  		4.51016  		3.72123  		3.80157  		4.12377  		1.0      
7.10176  		1.83959  		2.19304  		2.56897  		2.82618  		3.18213  		3.80339  		3.41501  		3.46547  		3.60412  		1.0      
8.79181  		2.25006  		2.78164  		3.24821  		3.22006  		3.93157  		4.84254  		3.50711  		3.71199  		4.15864  		1.0      
5.54225  		1.85692  		2.16041  		2.30388  		2.89355  		2.80959  		2.92765  		2.95955  		3.26549  		3.41164  		1.0      
5.55989  		2.01998  		2.33229  		2.48534  		3.09314  		3.17599  		3.24158  		3.00085  		3.30352  		3.51382  		1.0      
