origin_200 mse:53.37230650225464 ,acc=1.0
OOitr_30_100_3 : mse=1.5753038700956814 ,acc=0.9559748427672956
	30 is chosen from 100 trees
OOitr_40_100_3 : mse=2.8571835983700744 ,acc=0.9748427672955975
	40 is chosen from 100 trees
OOitr_50_100_3 : mse=4.607869953597356 ,acc=0.9874213836477987
	50 is chosen from 100 trees
OOitr_30_60_15 : mse=3.5514935578449194 ,acc=0.9622641509433962
	30 is chosen from 60 trees
OOitr_40_60_15 : mse=5.9358841449542465 ,acc=0.9748427672955975
	40 is chosen from 60 trees
OOitr_50_60_15 : mse=9.179189554368508 ,acc=0.9811320754716981
	50 is chosen from 60 trees
OOitr_30_80_20 : mse=3.7632813053101706 ,acc=0.9685534591194969
	30 is chosen from 80 trees
OOitr_40_80_20 : mse=5.220527341020505 ,acc=0.9811320754716981
	40 is chosen from 80 trees
OOitr_50_80_20 : mse=7.4593933686979375 ,acc=0.9937106918238994
	50 is chosen from 80 trees

origin   		oo_15    		oo_20    		oo_25    		oo_15    		oo_20    		oo_25    		oo_15    		oo_20    		oo_25    		label
-3.43244 		-0.110468		-0.445158		-0.69201 		-0.729869		-0.921107		-1.08199 		-0.780156		-0.933807		-1.10492 		0.0      
-4.79507 		-0.321821		-0.631702		-0.859507		-1.01454 		-1.37098 		-1.77672 		-1.03506 		-1.34393 		-1.62735 		0.0      
-5.83306 		-0.502866		-0.936126		-1.2722  		-1.33568 		-1.83121 		-2.34353 		-1.31061 		-1.70232 		-2.15384 		0.0      
-5.89291 		-0.510168		-0.89858 		-1.23465 		-1.26748 		-1.69738 		-2.2097  		-1.28159 		-1.65368 		-1.99472 		0.0      
-3.49232 		-0.506603		-0.718707		-0.869643		-0.671558		-0.676602		-0.79142 		-0.823362		-1.06573 		-1.24639 		0.0      
-1.07582 		0.118266 		0.0109944		-0.0178522		-0.300382		-0.292964		-0.347474		-0.351022		-0.377003		-0.34839 		0.0      
-6.51202 		-0.685574		-1.26249 		-1.74589 		-1.40878 		-1.99339 		-2.51924 		-1.64289 		-2.11883 		-2.51468 		0.0      
-4.67582 		-0.494217		-0.788543		-1.10296 		-0.93646 		-1.32687 		-1.7439  		-1.28891 		-1.44875 		-1.59145 		0.0      
-3.94447 		-0.432632		-0.537248		-0.813983		-0.797143		-0.770326		-0.848547		-0.834347		-0.979837		-1.2377  		0.0      
-2.99842 		-0.555997		-0.786575		-1.06434 		-1.16729 		-1.33709 		-1.27699 		-1.44613 		-1.57887 		-1.76846 		0.0      
-4.63363 		-0.27583 		-0.462667		-0.950244		-1.10274 		-1.57215 		-1.95258 		-1.29989 		-1.36286 		-1.67657 		0.0      
-6.49609 		-0.585908		-0.914909		-1.49901 		-1.42916 		-2.05935 		-2.63878 		-1.85725 		-2.0024  		-2.30164 		0.0      
-6.66711 		-0.853662		-1.43228 		-2.01638 		-1.68647 		-2.28444 		-2.77369 		-2.06184 		-2.38295 		-2.73489 		0.0      
-5.39023 		-0.295896		-0.482733		-0.97031 		-1.10274 		-1.60437 		-2.17059 		-1.36011 		-1.54357 		-1.85727 		0.0      
-6.66711 		-0.853662		-1.43228 		-2.01638 		-1.68647 		-2.28444 		-2.77369 		-2.06184 		-2.38295 		-2.73489 		0.0      
-2.7908  		-0.035256		-0.486242		-0.856926		-0.989488		-1.2892  		-1.67105 		-0.964276		-1.20526 		-1.49634 		0.0      
-1.25217 		0.0480084		-0.0291978		-0.0914749		-0.200257		-0.271837		-0.289749		-0.334432		-0.340963		-0.32622 		0.0      
-4.75726 		-0.27583 		-0.462667		-0.950244		-1.10274 		-1.57215 		-1.95258 		-1.29989 		-1.36286 		-1.67657 		0.0      
-3.90239 		-0.657366		-0.826023		-0.961941		-0.611801		-0.875696		-0.97099 		-0.570109		-0.841042		-1.10232 		0.0      
-5.39023 		-0.295896		-0.482733		-0.97031 		-1.10274 		-1.60437 		-2.17059 		-1.36011 		-1.54357 		-1.85727 		0.0      
-3.70813 		-0.344655		-0.759343		-1.00169 		-1.07847 		-1.19442 		-1.40766 		-1.22165 		-1.36748 		-1.42525 		0.0      
-5.88015 		-0.503054		-0.97912 		-1.51214 		-1.31319 		-1.89665 		-2.2932  		-1.48293 		-1.76358 		-2.18413 		0.0      
-3.83954 		-0.344655		-0.759343		-1.00169 		-1.07847 		-1.19442 		-1.40766 		-1.22165 		-1.36748 		-1.42525 		0.0      
-5.07678 		-0.0372552		-0.528668		-0.947438		-1.26134 		-1.87816 		-2.49172 		-1.67424 		-1.54996 		-1.79244 		0.0      
-5.81188 		-0.464047		-1.02044 		-1.43921 		-1.42942 		-2.04624 		-2.6598  		-1.75483 		-1.97675 		-2.28421 		0.0      
-6.76116 		-0.683437		-1.25087 		-1.72175 		-1.38217 		-1.75004 		-2.36387 		-1.42408 		-1.83572 		-2.21863 		0.0      
-8.07348 		-1.32234 		-1.85941 		-2.17991 		-1.23668 		-1.66565 		-2.07764 		-1.17996 		-1.79983 		-2.22193 		0.0      
-2.90441 		0.163107 		-0.187027		-0.439123		-0.185627		-0.433545		-0.719855		-0.228656		-0.48438 		-0.680041		0.0      
-1.13569 		0.477976 		0.518593 		0.435111 		0.181159 		-0.0351508		-0.336028		-0.02307 		-0.078214		-0.0380123		0.0      
-5.82024 		-0.487571		-0.983765		-1.51679 		-1.34135 		-1.89139 		-2.25844 		-1.48099 		-1.69718 		-2.07223 		0.0      
-1.00294 		0.443013 		0.209271 		0.232723 		0.06024  		0.104069 		0.123453 		0.0618572		-0.161117		-0.151947		0.0      
-1.46033 		0.345072 		0.0170592		-0.0267131		-0.592691		-0.504434		-0.625693		-0.496083		-0.525396		-0.655736		0.0      
-5.50982 		-0.286643		-0.79175 		-1.24722 		-1.35871 		-1.57942 		-2.15872 		-1.22666 		-1.60452 		-2.01821 		0.0      
-5.16352 		-0.428944		-0.809892		-1.01382 		-0.826791		-0.921777		-1.22517 		-0.801417		-1.12077 		-1.28135 		0.0      
-6.36483 		-1.09545 		-1.56785 		-1.84541 		-1.23834 		-1.52564 		-1.90641 		-1.03709 		-1.62085 		-2.05745 		0.0      
-7.83848 		-1.02858 		-1.49612 		-1.88751 		-1.52349 		-1.93651 		-2.51581 		-1.2976  		-1.88135 		-2.43245 		0.0      
-2.18119 		0.0841168		-0.308561		-0.34791 		-0.550347		-0.492896		-0.645377		-0.638949		-0.704383		-0.726406		0.0      
-3.37443 		-0.0708033		-0.488618		-0.814355		-0.42419 		-0.672107		-1.0358  		-0.329973		-0.679728		-1.01671 		0.0      
12.3326  		3.31984  		3.9892   		4.76725  		2.94694  		3.78077  		4.63059  		2.87614  		3.83935  		4.66607  		1.0      
5.94033  		2.28787  		2.88452  		3.37032  		1.94925  		2.25692  		2.7507   		1.92094  		2.70109  		3.19219  		1.0      
4.90366  		1.77983  		2.3115   		2.79729  		1.73265  		2.01206  		2.41049  		1.79642  		2.15194  		2.57806  		1.0      
10.3533  		3.17054  		3.77016  		4.26608  		3.99078  		4.63378  		5.22392  		4.04728  		4.70527  		5.27622  		1.0      
5.68365  		1.79707  		2.3434   		2.93746  		1.80021  		2.24697  		2.84732  		1.83495  		2.24302  		2.78452  		1.0      
11.7909  		3.35835  		3.84214  		4.54499  		4.10348  		4.82421  		5.79205  		4.04352  		4.71569  		5.34594  		1.0      
5.45671  		1.8289   		2.40542  		2.89122  		1.77838  		2.15168  		2.64546  		1.79837  		2.25194  		2.78853  		1.0      
5.04324  		1.87982  		2.45634  		2.94214  		1.77838  		2.12341  		2.52184  		1.79837  		2.25194  		2.78853  		1.0      
5.4664   		1.8289   		2.40542  		2.89122  		1.77838  		2.15168  		2.64546  		1.79837  		2.25194  		2.78853  		1.0      
11.3365  		3.40927  		3.89306  		4.59591  		4.10348  		4.82421  		5.79205  		4.04352  		4.71569  		5.34594  		1.0      
11.0036  		2.81134  		3.62594  		3.92673  		4.02577  		4.79664  		5.69526  		3.94664  		4.61885  		5.27565  		1.0      
10.3744  		2.687    		3.31509  		3.89887  		2.40762  		3.00847  		3.71749  		2.14771  		3.07536  		3.9202   		1.0      
12.5808  		3.18442  		4.03749  		4.71062  		4.29569  		5.2003   		6.09892  		4.05184  		4.99637  		5.91967  		1.0      
14.2193  		3.5533   		4.52385  		5.29835  		4.30877  		5.0216   		5.80169  		4.24381  		5.1356   		5.92651  		1.0      
4.72749  		1.71487  		2.22105  		2.43847  		2.07737  		2.23249  		2.29452  		1.84151  		2.38711  		2.79747  		1.0      
14.5895  		3.78261  		4.71473  		5.42437  		4.54835  		5.18219  		5.8983   		4.12916  		5.2161   		6.17619  		1.0      
5.31137  		1.99783  		2.42663  		2.57919  		2.43038  		2.37162  		2.36966  		1.7231   		2.33683  		2.95038  		1.0      
13.3745  		3.47529  		4.42571  		5.20022  		4.32109  		5.01172  		5.79182  		4.28801  		5.19403  		5.94262  		1.0      
5.07692  		1.08192  		1.63956  		2.10086  		1.37087  		1.5893   		1.95493  		1.4437   		1.7834   		2.1528   		1.0      
13.3745  		3.47529  		4.42571  		5.20022  		4.32109  		5.01172  		5.79182  		4.28801  		5.19403  		5.94262  		1.0      
3.73924  		1.14879  		1.71129  		2.13135  		1.15832  		1.34253  		1.73759  		1.18319  		1.52289  		1.8504   		1.0      
14.2585  		3.63626  		4.56838  		5.27802  		4.54835  		5.18219  		5.8983   		4.1166   		5.08566  		6.04574  		1.0      
11.459   		2.40157  		2.96227  		3.81097  		3.48607  		4.50692  		5.49927  		3.53781  		4.04811  		4.89785  		1.0      
9.5244   		1.94213  		2.36049  		3.2092   		3.33059  		4.31699  		5.30935  		3.30261  		3.43856  		4.22499  		1.0      
1.94421  		0.67351  		0.513571 		0.537294 		-0.0307757		0.0234269		0.0172559		-0.05378 		0.113853 		0.142663 		1.0      
12.7087  		3.39735  		4.04357  		4.58222  		3.13107  		3.93478  		4.47109  		3.5327   		4.13145  		4.51987  		1.0      
5.33712  		1.44604  		1.60751  		1.91297  		2.26163  		2.40669  		2.63084  		2.36612  		2.26915  		2.35907  		1.0      
7.77863  		2.09855  		2.19201  		2.78538  		3.34367  		4.24827  		5.14689  		3.26603  		3.40448  		4.04402  		1.0      
3.38818  		1.18056  		1.23656  		1.16103  		0.591503 		0.744598 		0.832317 		0.571713 		0.935514 		1.02109  		1.0      
6.85358  		2.06025  		2.26657  		2.45614  		2.53983  		2.57982  		2.78556  		2.61955  		2.85808  		2.866    		1.0      
3.17466  		1.18056  		1.23656  		1.08739  		0.517862 		0.670957 		0.681294 		0.571713 		0.935514 		0.947447 		1.0      
5.96038  		1.62311  		1.83461  		2.19508  		3.10064  		3.78197  		4.38929  		3.0366   		3.33549  		3.86089  		1.0      
9.95133  		2.20355  		2.60312  		3.13354  		3.24104  		4.14699  		4.98695  		3.27649  		3.73011  		4.48943  		1.0      
5.9663   		1.97436  		2.02936  		2.25039  		3.15136  		3.92224  		4.82086  		3.22486  		3.3633   		3.73633  		1.0      
9.5244   		1.94213  		2.36049  		3.2092   		3.33059  		4.31699  		5.30935  		3.30261  		3.43856  		4.22499  		1.0      
5.35985  		1.62107  		1.67607  		1.89709  		3.10265  		3.87352  		4.77214  		3.18974  		3.05586  		3.4289   		1.0      
5.5262   		1.48579  		1.64726  		1.86435  		2.25705  		2.31374  		2.4592   		2.36292  		2.24103  		2.24258  		1.0      
8.05034  		2.40722  		2.66705  		2.88741  		1.04006  		1.72887  		2.11278  		1.32809  		1.87015  		2.16815  		1.0      
5.33712  		1.44604  		1.60751  		1.91297  		2.26163  		2.40669  		2.63084  		2.36612  		2.26915  		2.35907  		1.0      
7.07516  		1.81413  		1.94573  		2.5391   		3.36232  		4.18259  		5.08121  		3.44567  		3.35716  		3.84179  		1.0      
11.4744  		2.52072  		2.93907  		3.78778  		3.51515  		4.50155  		5.49391  		3.47357  		3.88184  		4.66826  		1.0      
5.96038  		1.62311  		1.83461  		2.19508  		3.10064  		3.78197  		4.38929  		3.0366   		3.33549  		3.86089  		1.0      
14.5866  		3.89242  		4.82884  		5.69339  		4.24831  		5.19077  		6.04568  		4.37716  		5.15679  		6.13282  		1.0      
11.1033  		2.95612  		3.67694  		4.15833  		3.71429  		4.4396   		5.3564   		4.02204  		4.50834  		4.94956  		1.0      
14.0517  		3.68415  		4.59643  		5.46097  		4.2865   		5.18856  		6.04347  		4.2915   		5.19023  		6.01324  		1.0      
17.3097  		4.53436  		5.60191  		6.66713  		4.76109  		6.02031  		7.17876  		4.87677  		5.97608  		7.04253  		1.0      
16.1597  		4.01433  		4.99636  		5.98854  		4.38299  		5.45691  		6.46745  		4.41622  		5.24447  		6.31092  		1.0      
13.0017  		3.14926  		3.96477  		4.82563  		4.02203  		4.88683  		5.80363  		4.20861  		4.65928  		5.37795  		1.0      
15.4798  		3.93113  		4.84545  		5.91067  		4.38794  		5.49392  		6.65237  		4.40163  		5.27386  		6.34031  		1.0      
4.89677  		2.29707  		2.54501  		2.86531  		2.0929   		2.18633  		2.55535  		1.82266  		2.20374  		2.5621   		1.0      
10.9109  		3.16987  		4.03641  		4.66463  		4.01293  		4.64993  		5.06871  		4.08437  		4.9304   		5.57328  		1.0      
11.0407  		3.1598   		3.88733  		4.69621  		2.6154   		3.52177  		4.37502  		2.71003  		3.53828  		4.3856   		1.0      
4.74018  		2.30777  		2.60056  		2.92086  		2.13863  		2.26547  		2.66399  		1.82461  		2.34403  		2.81286  		1.0      
11.0455  		3.15102  		3.87855  		4.68743  		2.6154   		3.52177  		4.37502  		2.65244  		3.52467  		4.37199  		1.0      
5.46081  		2.15573  		2.4711   		2.88792  		1.89355  		2.18117  		2.65902  		1.83408  		2.31611  		2.77047  		1.0      
10.8414  		2.62414  		3.03225  		3.58817  		3.11945  		4.10585  		5.09821  		3.58171  		3.89849  		4.28337  		1.0      
9.65969  		2.62414  		2.98664  		3.41493  		3.07245  		3.92733  		4.76407  		3.58171  		3.89849  		4.19295  		1.0      
3.89272  		1.25136  		1.46165  		2.048    		0.257339 		0.896834 		1.26162  		0.0200983		0.469867 		0.854446 		1.0      
11.0322  		2.5758   		3.08386  		3.59333  		3.03688  		4.02328  		5.01563  		3.49914  		3.91587  		4.30076  		1.0      
6.49718  		1.98915  		2.18321  		2.33707  		2.70389  		2.8888   		3.12278  		2.72322  		2.99915  		3.13093  		1.0      
6.07499  		2.04007  		2.23413  		2.38799  		2.70389  		2.8888   		3.12278  		2.72322  		2.99915  		3.13093  		1.0      
11.5097  		2.6042   		3.25599  		3.83792  		3.40037  		4.42712  		5.41947  		3.56371  		4.02955  		4.72459  		1.0      
8.72442  		2.29571  		2.54231  		2.95167  		2.91496  		3.26901  		3.64951  		2.86163  		3.14514  		3.37436  		1.0      
9.27981  		2.20213  		2.58545  		3.1118   		3.4137   		4.31831  		5.21693  		3.22845  		3.64442  		4.28436  		1.0      
10.6019  		2.22919  		2.51769  		3.37913  		3.41907  		4.40547  		5.39782  		3.35534  		3.73547  		4.52826  		1.0      
9.95412  		2.68082  		3.19267  		3.62163  		3.25714  		3.72856  		4.15305  		3.28982  		3.67281  		4.10358  		1.0      
10.2755  		1.87195  		2.0605   		2.92193  		3.19438  		4.18078  		5.17313  		3.13852  		3.106    		3.8988   		1.0      
8.72442  		2.29571  		2.54231  		2.95167  		2.91496  		3.26901  		3.64951  		2.86163  		3.14514  		3.37436  		1.0      
14.2724  		3.89127  		4.63322  		5.303    		3.79261  		4.73158  		5.43703  		4.00988  		4.74082  		5.32894  		1.0      
3.80865  		1.61555  		1.80593  		1.9157   		0.969077 		1.24088  		1.43755  		0.938901 		1.36587  		1.65114  		1.0      
10.1499  		2.8136   		3.39926  		3.86786  		3.79885  		4.62598  		5.31313  		3.79086  		4.35567  		5.08236  		1.0      
5.96787  		1.52367  		1.72084  		2.01874  		3.02096  		3.61078  		4.01138  		3.06494  		3.352    		3.81117  		1.0      
7.26273  		2.13152  		2.35565  		2.61256  		2.80402  		2.90993  		3.18051  		2.73981  		3.03519  		3.1531   		1.0      
5.69392  		1.55647  		1.70528  		1.743    		2.5018   		3.19228  		4.06182  		3.10044  		3.10622  		3.11629  		1.0      
3.64065  		1.47092  		1.80144  		2.14706  		1.22694  		1.35642  		1.2039   		0.814211 		1.05075  		1.48473  		1.0      
7.24264  		1.67851  		1.92202  		2.33921  		2.69786  		3.52783  		4.39737  		3.17532  		3.14549  		3.43299  		1.0      
6.40507  		1.52638  		1.84047  		2.02982  		2.47318  		3.08311  		3.8526   		2.99832  		2.98871  		3.15929  		1.0      
7.38011  		2.01232  		2.23593  		2.3717   		3.02939  		3.65748  		4.5561   		3.40471  		3.41086  		3.61267  		1.0      
10.4696  		2.96671  		3.30349  		3.84856  		3.19185  		3.94432  		4.61098  		3.80429  		4.06308  		4.49297  		1.0      
0.587894 		0.858534 		0.597837 		0.732222 		-0.235935		-0.33092 		-0.634311		-0.274412		-0.198389		-0.155856		1.0      
7.95243  		2.53362  		2.85955  		3.23349  		3.03022  		3.21513  		3.45158  		2.96441  		3.33994  		3.48564  		1.0      
5.87114  		1.53958  		1.8809   		2.2206   		2.68064  		2.92753  		3.32266  		2.69993  		2.73989  		2.75871  		1.0      
3.09463  		0.988157 		1.14525  		1.58742  		-0.635875		-0.110916		0.199533 		-0.565839		-0.145901		0.0823382		1.0      
11.3875  		1.97535  		2.60299  		3.4517   		3.46344  		4.31281  		5.30517  		3.28265  		3.68791  		4.33739  		1.0      
6.44617  		1.48349  		1.61412  		2.02348  		2.95576  		3.50311  		4.09756  		2.94946  		3.01275  		3.51675  		1.0      
9.87568  		2.09931  		2.58286  		3.17623  		3.32786  		4.23247  		5.13109  		3.19297  		3.7215   		4.50021  		1.0      
5.98636  		1.68805  		2.06019  		2.24745  		2.65194  		2.70604  		2.89891  		2.61299  		2.69924  		2.64907  		1.0      
5.53051  		1.33496  		1.54104  		1.76292  		2.83864  		3.42847  		3.74701  		2.82112  		3.1146   		3.63807  		1.0      
12.1576  		2.50203  		3.10031  		3.94901  		3.73157  		4.71797  		5.71033  		3.47313  		4.06131  		4.9184   		1.0      
7.95732  		1.94142  		2.22263  		2.44366  		3.10185  		3.87273  		4.77135  		3.11809  		3.54666  		4.05887  		1.0      
8.06985  		1.70271  		1.98392  		2.20495  		3.07523  		3.84611  		4.74473  		3.10507  		3.26133  		3.77353  		1.0      
5.87114  		1.53958  		1.8809   		2.2206   		2.68064  		2.92753  		3.32266  		2.69993  		2.73989  		2.75871  		1.0      
5.51028  		1.47393  		1.68796  		1.90797  		2.43426  		2.4942   		2.69611  		2.36501  		2.29535  		2.24605  		1.0      
5.97192  		1.61907  		1.9912   		2.17846  		2.65194  		2.70604  		2.89891  		2.60043  		2.66881  		2.61864  		1.0      
6.28255  		1.44358  		1.57421  		1.90993  		2.88212  		3.42947  		3.94654  		2.94946  		3.01275  		3.44311  		1.0      
9.71264  		2.62725  		3.23701  		3.8222   		3.2474   		3.64574  		3.9724   		2.90271  		3.24508  		3.8565   		1.0      
1.64792  		0.737667 		0.828876 		0.800465 		0.284812 		0.136662 		-0.0920111		0.0805828		0.0254389		0.120711 		1.0      
9.2145   		2.8082   		3.25867  		3.456    		3.14364  		3.53328  		3.9986   		3.59657  		4.00954  		4.28875  		1.0      
3.43108  		1.43103  		1.69386  		2.03948  		1.18704  		1.31653  		1.16401  		0.850482 		1.01086  		1.37716  		1.0      
12.8791  		2.80178  		3.49828  		4.36951  		3.53254  		4.4443   		5.40758  		3.7716   		4.12901  		4.72177  		1.0      
9.78251  		2.65788  		3.1645   		3.72253  		3.24635  		3.85609  		4.34408  		3.69973  		3.96347  		4.3371   		1.0      
5.63923  		1.37522  		1.49721  		1.49659  		2.28901  		2.9171   		3.81572  		2.92825  		2.77561  		2.71845  		1.0      
4.41404  		1.28316  		1.52086  		1.62502  		2.25119  		2.4303   		2.74213  		2.24976  		2.21869  		2.20217  		1.0      
6.09659  		1.6801   		1.80772  		2.03187  		2.41916  		2.96651  		3.56096  		3.08117  		2.97319  		3.02674  		1.0      
7.20873  		1.39903  		1.61604  		1.94843  		2.36599  		3.13357  		4.03219  		3.00313  		2.79575  		2.9164   		1.0      
9.52843  		1.76797  		2.27707  		2.74078  		2.72882  		3.57819  		4.57055  		3.15304  		3.33035  		3.52938  		1.0      
4.7211   		1.46875  		1.73949  		1.70371  		2.23348  		2.82331  		3.14186  		2.96399  		3.16236  		3.14593  		1.0      
5.21712  		1.48067  		1.73427  		1.83713  		2.52083  		2.7166   		2.94068  		2.48338  		2.4729   		2.49768  		1.0      
5.0627   		1.87448  		2.08015  		2.11578  		2.52897  		2.71388  		2.95034  		2.51479  		2.78264  		2.72523  		1.0      
10.4898  		1.81702  		2.37665  		3.22536  		3.44159  		4.29096  		5.28332  		3.26651  		3.56611  		4.24754  		1.0      
6.22688  		1.39702  		1.51024  		1.97467  		3.00578  		3.62129  		4.28795  		3.0052   		2.96282  		3.55384  		1.0      
5.63732  		1.45414  		1.7586   		1.94586  		2.48702  		2.54112  		2.73399  		2.51168  		2.50389  		2.38604  		1.0      
5.53051  		1.33496  		1.54104  		1.76292  		2.83864  		3.42847  		3.74701  		2.82112  		3.1146   		3.63807  		1.0      
9.10946  		1.69138  		2.17493  		2.7683   		3.25414  		4.15875  		5.05737  		3.14139  		3.3695   		4.14821  		1.0      
5.72397  		1.96751  		2.22404  		2.41653  		2.72864  		2.77188  		2.97712  		2.63325  		2.92165  		2.87874  		1.0      
5.77882  		1.97188  		2.22841  		2.4209   		2.67593  		2.71917  		2.92441  		2.63325  		2.92165  		2.82603  		1.0      
10.4898  		1.81702  		2.37665  		3.22536  		3.44159  		4.29096  		5.28332  		3.26651  		3.56611  		4.24754  		1.0      
11.5529  		2.00676  		2.60503  		3.45374  		3.46278  		4.44918  		5.44154  		3.21794  		3.53381  		4.3909   		1.0      
2.97875  		0.942313 		1.13136  		1.57353  		-0.681719		-0.15676 		0.153689 		-0.654593		-0.191745		0.0684461		1.0      
6.50331  		1.56503  		1.70706  		1.86487  		2.83295  		3.50416  		3.82271  		2.89206  		2.96591  		3.48938  		1.0      
5.53342  		1.52406  		1.73574  		1.92823  		2.40087  		2.4663   		2.67154  		2.41378  		2.34177  		2.2235   		1.0      
