origin_200 mse:57.675801413185226 ,acc=1.0
OOitr_30_100_3 : mse=1.9016386276398425 ,acc=0.96875
	30 is chosen from 100 trees
OOitr_40_100_3 : mse=3.390464441563547 ,acc=0.9875
	40 is chosen from 100 trees
OOitr_50_100_3 : mse=5.253071139399185 ,acc=0.9875
	50 is chosen from 100 trees
OOitr_30_60_15 : mse=3.9469769469097407 ,acc=0.975
	30 is chosen from 60 trees
OOitr_40_60_15 : mse=6.231679992253488 ,acc=0.9875
	40 is chosen from 60 trees
OOitr_50_60_15 : mse=9.518283975683897 ,acc=0.9875
	50 is chosen from 60 trees
OOitr_30_80_20 : mse=4.132623219281001 ,acc=0.99375
	30 is chosen from 80 trees
OOitr_40_80_20 : mse=5.901860910460575 ,acc=1.0
	40 is chosen from 80 trees
OOitr_50_80_20 : mse=8.23198519178727 ,acc=1.0
	50 is chosen from 80 trees

origin   		oo_15    		oo_20    		oo_25    		oo_15    		oo_20    		oo_25    		oo_15    		oo_20    		oo_25    		label
-2.90971 		-0.581918		-0.825538		-1.14341 		-0.264165		-0.602664		-0.889036		-0.336739		-0.65016 		-0.956626		0.0      
-6.15847 		-0.583621		-0.991018		-1.28972 		-1.45525 		-1.75103 		-2.09795 		-1.35569 		-1.77541 		-2.03769 		0.0      
-0.934854		-0.163569		-0.294906		-0.294547		0.180416 		0.0432725		-0.140218		-0.124357		-0.317861		-0.249837		0.0      
-5.74186 		-0.502531		-0.944589		-1.1379  		-1.54407 		-1.83622 		-2.24802 		-1.40081 		-1.705   		-1.9527  		0.0      
-5.80235 		-0.466307		-0.837743		-1.05487 		-1.35117 		-1.60778 		-1.9547  		-1.35569 		-1.58272 		-1.72425 		0.0      
-2.2206  		-0.357619		-0.567594		-0.885467		-0.245556		-0.584056		-0.870428		-0.239234		-0.479644		-0.78611 		0.0      
-5.05434 		-0.418087		-0.783341		-1.18279 		-0.581261		-1.07826 		-1.42524 		-0.66376 		-1.09686 		-1.64339 		0.0      
-6.14576 		-0.583621		-0.991018		-1.28972 		-1.45525 		-1.75103 		-2.09795 		-1.35569 		-1.77541 		-2.03769 		0.0      
-3.02386 		-0.762318		-0.929653		-1.19622 		-0.70322 		-1.00425 		-1.14137 		-0.851722		-1.03112 		-1.27944 		0.0      
-7.06084 		-0.556372		-1.08824 		-1.48642 		-1.60316 		-1.9821  		-2.33378 		-1.649   		-1.99133 		-2.36278 		0.0      
-3.18742 		-0.141335		-0.415876		-0.574023		-0.656583		-0.903802		-1.23625 		-0.993624		-1.09706 		-1.24765 		0.0      
-3.36839 		-0.141335		-0.415876		-0.5677  		-0.656583		-0.980524		-1.31017 		-0.993624		-1.09706 		-1.24765 		0.0      
-7.50324 		-0.813346		-1.22493 		-1.5546  		-1.69675 		-2.13384 		-2.61427 		-1.89619 		-2.15831 		-2.43944 		0.0      
-7.37505 		-0.694538		-1.06296 		-1.39263 		-1.66368 		-2.10078 		-2.50524 		-1.8216  		-1.98955 		-2.27069 		0.0      
-3.49662 		-0.924331		-1.28241 		-1.4672  		-1.56052 		-1.66221 		-1.72663 		-1.62086 		-2.00976 		-2.25723 		0.0      
-5.87273 		-0.784674		-1.11977 		-1.40572 		-1.5072  		-1.93407 		-2.2191  		-1.58906 		-1.93779 		-2.23778 		0.0      
-2.19659 		0.0176056		-0.114043		-0.304339		-0.364289		-0.469129		-0.746897		-0.890504		-0.904429		-0.864597		0.0      
-5.12026 		-0.104369		-0.548098		-0.83469 		-1.25558 		-1.77996 		-2.09017 		-0.926162		-1.23774 		-1.66144 		0.0      
-4.69107 		-0.840519		-1.19319 		-1.55012 		-1.09352 		-1.58127 		-1.71829 		-1.20001 		-1.6547  		-1.94327 		0.0      
-2.04335 		-0.282963		-0.456752		-0.468701		-1.134   		-1.28353 		-1.2833  		-0.65346 		-0.90553 		-1.12225 		0.0      
-2.11989 		-0.402105		-0.692002		-0.824238		-1.0314  		-1.53561 		-1.88648 		-0.869545		-1.07925 		-1.38985 		0.0      
-3.14947 		-0.0255038		-0.372706		-0.499621		-1.42579 		-1.90401 		-2.154   		-1.14597 		-1.36502 		-1.54242 		0.0      
-2.81824 		-0.656046		-0.979588		-1.11182 		-1.07965 		-1.58386 		-1.93473 		-0.996693		-1.27941 		-1.59001 		0.0      
-5.97926 		-0.429584		-0.901368		-1.26011 		-1.45075 		-1.91509 		-2.38447 		-1.55983 		-1.80625 		-2.04707 		0.0      
-4.33643 		-1.13792 		-1.38853 		-1.62623 		-1.51354 		-1.66306 		-1.66284 		-1.18069 		-1.60812 		-2.03349 		0.0      
-1.62175 		0.361676 		0.193585 		0.0671477		-0.576909		-0.48506 		-0.456032		-0.300865		-0.53335 		-0.593884		0.0      
-5.43738 		-0.710106		-1.13413 		-1.4868  		-1.80532 		-2.34142 		-2.64419 		-1.61656 		-2.01098 		-2.39702 		0.0      
-1.62175 		0.361676 		0.193585 		0.0671477		-0.576909		-0.48506 		-0.456032		-0.300865		-0.53335 		-0.593884		0.0      
-2.81958 		0.0350397		-0.23311 		-0.403626		-0.343736		-0.570604		-0.869045		-0.120052		-0.473046		-0.740424		0.0      
-2.81958 		0.0350397		-0.23311 		-0.403626		-0.343736		-0.570604		-0.869045		-0.120052		-0.473046		-0.740424		0.0      
-3.62763 		-0.179046		-0.352274		-0.614903		-0.445287		-0.709533		-1.09167 		-0.928738		-0.984243		-1.01674 		0.0      
-6.4164  		-0.563034		-1.12753 		-1.57527 		-1.29143 		-1.88502 		-2.24528 		-1.15748 		-1.67999 		-2.1729  		0.0      
-4.71356 		-0.350616		-0.650013		-1.11964 		-0.695463		-1.09157 		-1.57658 		-1.01993 		-1.22906 		-1.56655 		0.0      
-3.23121 		-0.511446		-0.738916		-1.11689 		-0.512085		-0.872965		-1.27706 		-0.722549		-0.909255		-1.21152 		0.0      
-4.91033 		-0.731761		-1.12602 		-1.48294 		-1.08617 		-1.57392 		-1.85557 		-1.14989 		-1.64616 		-1.93473 		0.0      
-5.86029 		-0.413696		-0.878582		-1.18899 		-1.2037  		-1.69252 		-2.07002 		-1.12922 		-1.51412 		-1.83164 		0.0      
-4.25235 		-1.01416 		-1.28224 		-1.59013 		-1.37325 		-1.52277 		-1.66718 		-1.03922 		-1.52337 		-1.9858  		0.0      
-8.47224 		-1.39323 		-1.89887 		-2.15029 		-1.47419 		-1.94344 		-2.38796 		-1.71664 		-2.31634 		-2.59509 		0.0      
-6.37324 		-1.09181 		-1.5333  		-1.99287 		-1.77477 		-2.253   		-2.72358 		-1.74425 		-2.25006 		-2.67316 		0.0      
9.97877  		3.0229   		3.45486  		3.9342   		3.53219  		4.00317  		4.83985  		3.86191  		4.41252  		4.52554  		1.0      
8.87928  		2.22967  		2.78061  		3.202    		2.09851  		2.65666  		3.38101  		1.8363   		2.57652  		2.98706  		1.0      
5.38027  		1.80827  		2.13143  		2.48333  		1.6114   		1.94262  		2.60408  		1.15629  		1.80108  		1.9847   		1.0      
12.1     		3.08372  		3.8441   		4.51613  		3.03694  		3.82214  		4.6528   		2.79941  		3.6533   		4.42328  		1.0      
15.1364  		3.73925  		4.64051  		5.32511  		4.08274  		5.05024  		6.06239  		4.21842  		5.02331  		5.89295  		1.0      
14.4332  		3.73925  		4.54085  		5.22545  		4.08274  		4.95058  		5.7484   		4.21842  		5.02331  		5.79329  		1.0      
11.0734  		3.17871  		3.9789   		4.58932  		3.94937  		4.69423  		5.61959  		3.74434  		4.63054  		5.26553  		1.0      
5.60541  		2.17311  		2.54036  		2.74784  		1.86171  		2.06249  		2.6812   		1.73087  		2.35995  		2.57644  		1.0      
11.4663  		2.94803  		3.48403  		4.02925  		3.91673  		4.50903  		5.36579  		3.85268  		4.5555   		4.93532  		1.0      
9.40341  		2.76826  		3.4322   		3.73544  		3.93434  		4.59729  		5.357    		3.60932  		4.39642  		4.81903  		1.0      
15.3106  		3.71935  		4.57938  		5.22432  		4.15666  		5.04153  		6.08651  		4.2758   		5.08069  		5.95033  		1.0      
11.9714  		3.11775  		3.87812  		4.52305  		2.93692  		3.72213  		4.55279  		2.86562  		3.67051  		4.44049  		1.0      
5.14036  		1.29219  		1.58877  		1.61959  		1.63462  		1.81689  		2.37052  		1.41774  		1.92388  		1.79684  		1.0      
11.8244  		3.08372  		3.8441   		4.51613  		3.03694  		3.82214  		4.6528   		2.79941  		3.6533   		4.42328  		1.0      
4.84755  		1.11761  		1.38054  		1.41136  		1.61601  		1.79828  		2.35191  		1.32023  		1.75336  		1.62633  		1.0      
17.9554  		4.79543  		6.0054   		7.18781  		4.88549  		6.13996  		7.05758  		4.79469  		6.0609   		7.30601  		1.0      
14.2598  		3.56135  		4.3521   		4.94682  		4.16664  		4.77302  		5.48008  		4.00322  		4.83944  		5.69478  		1.0      
5.40889  		2.36969  		2.82165  		2.98973  		1.90478  		2.27621  		2.45333  		1.80833  		2.48963  		2.71235  		1.0      
12.3408  		2.9761   		3.72639  		4.45354  		4.20042  		4.93554  		5.61717  		3.87898  		4.63921  		5.39126  		1.0      
4.31563  		1.67078  		2.09999  		2.24427  		1.91624  		2.32323  		2.56522  		1.48056  		2.03596  		2.36485  		1.0      
14.2716  		3.4036   		4.3857   		5.25107  		4.3407   		5.31348  		6.28257  		4.04123  		5.07534  		6.02895  		1.0      
11.9242  		2.8854   		3.76785  		4.20192  		4.00344  		4.72759  		5.48236  		3.58398  		4.61809  		5.32285  		1.0      
9.98018  		2.64967  		3.34077  		3.93549  		2.33824  		2.84497  		3.3377   		1.98439  		2.82061  		3.57629  		1.0      
7.21751  		2.32804  		2.53126  		2.96902  		2.81312  		3.49077  		4.41614  		3.36192  		3.44145  		3.82425  		1.0      
9.63673  		2.8782   		3.32956  		3.71972  		3.55382  		4.19324  		4.948    		3.88605  		4.14889  		4.62856  		1.0      
8.28504  		2.44911  		2.6808   		3.11584  		2.84702  		2.9585   		2.98934  		3.12303  		3.35597  		3.65123  		1.0      
6.74451  		1.81164  		1.99314  		2.42818  		2.67752  		2.789    		2.81984  		2.8036   		2.92765  		3.22291  		1.0      
3.39998  		1.08059  		1.34274  		1.40548  		1.1556   		1.34345  		1.33271  		0.941615 		1.04318  		1.33138  		1.0      
9.18818  		2.34085  		2.83902  		3.10183  		3.03027  		3.31779  		3.52137  		3.05025  		3.35119  		3.7783   		1.0      
9.06054  		2.44911  		2.64318  		3.13347  		2.84702  		3.08618  		3.26335  		3.12303  		3.35597  		3.61362  		1.0      
10.2139  		2.08268  		2.60106  		3.30509  		3.16853  		3.96382  		4.93292  		3.3666   		3.41778  		3.91113  		1.0      
6.56784  		1.92746  		2.26195  		2.69971  		2.77883  		3.58561  		4.51098  		3.22156  		3.29556  		3.80749  		1.0      
6.56784  		1.92746  		2.26195  		2.69971  		2.77883  		3.58561  		4.51098  		3.22156  		3.29556  		3.80749  		1.0      
13.3773  		3.02195  		3.88926  		4.78831  		3.99064  		4.98376  		5.95286  		3.62601  		4.4048   		5.31492  		1.0      
11.3093  		2.6824   		3.41575  		4.05308  		3.69375  		4.48772  		5.16156  		3.46491  		4.10791  		4.79573  		1.0      
11.5571  		2.83166  		3.55144  		4.33139  		3.94719  		4.78589  		5.71125  		3.62601  		4.36135  		5.10417  		1.0      
10.7731  		2.82469  		3.89246  		4.93907  		2.64343  		3.75708  		4.57852  		2.42872  		3.35808  		4.2176   		1.0      
6.23647  		1.12883  		1.46801  		1.94699  		1.34856  		1.8758   		2.57515  		1.12086  		1.49201  		1.85898  		1.0      
16.1099  		3.78941  		4.84919  		5.68419  		4.55173  		5.58193  		6.79638  		4.29078  		5.27827  		6.40051  		1.0      
11.6322  		3.03432  		3.63574  		4.30464  		4.02991  		4.67473  		5.59409  		3.95258  		4.71547  		5.20256  		1.0      
4.94428  		1.47924  		1.80808  		2.26324  		1.55966  		1.98262  		2.54957  		1.23439  		1.82648  		2.15979  		1.0      
5.09634  		1.4612   		1.74717  		2.20233  		1.5266   		1.94984  		2.59888  		1.1598   		1.65773  		1.99132  		1.0      
12.4066  		2.89552  		3.59437  		4.0994   		3.82098  		4.58883  		5.52996  		3.79173  		4.1851   		4.68241  		1.0      
4.53789  		1.44188  		1.84907  		2.13328  		1.25609  		1.42475  		1.60883  		0.721572 		1.11494  		1.51259  		1.0      
3.56806  		1.06338  		1.47057  		1.64297  		1.03703  		1.2057   		1.38977  		0.552051 		0.832457 		1.2301   		1.0      
12.1231  		2.89552  		3.59437  		4.0994   		3.82098  		4.58883  		5.52996  		3.79173  		4.1851   		4.68241  		1.0      
6.8728   		2.11247  		2.27831  		2.53382  		2.61494  		3.1839   		4.0813   		3.57642  		3.41233  		3.24123  		1.0      
7.28556  		1.83841  		2.36497  		2.53093  		3.05713  		3.70276  		4.55368  		3.19614  		3.46615  		3.82744  		1.0      
9.40494  		2.63017  		3.06828  		3.58469  		3.50286  		4.39619  		5.36529  		3.72432  		3.94295  		4.47131  		1.0      
8.26554  		2.15229  		2.65914  		2.83154  		3.30388  		3.5722   		3.87446  		3.00933  		3.28973  		3.78704  		1.0      
8.73009  		2.28713  		2.49555  		2.98372  		2.96007  		3.27337  		3.51217  		2.88597  		3.26215  		3.57714  		1.0      
11.8355  		2.93202  		3.48894  		4.17388  		3.91057  		4.57877  		5.40171  		3.78528  		4.23161  		4.79107  		1.0      
7.15763  		2.09965  		2.18273  		2.57797  		2.70453  		3.27349  		4.17089  		3.56996  		3.40953  		3.40023  		1.0      
12.3503  		3.13247  		3.84428  		4.60673  		3.70507  		4.59933  		5.56842  		3.84475  		4.44456  		5.13418  		1.0      
8.34538  		2.64463  		2.90398  		3.27108  		3.0966   		3.18768  		3.21884  		3.14708  		3.61215  		3.93605  		1.0      
7.14215  		1.82295  		1.81473  		2.03148  		2.71713  		2.73778  		2.76894  		2.62763  		2.73617  		2.90879  		1.0      
10.7519  		2.75181  		3.46576  		4.22822  		3.69071  		4.58497  		5.55406  		3.72432  		4.3186   		5.00822  		1.0      
6.67732  		1.97079  		2.42892  		2.85869  		2.97401  		3.69317  		4.61853  		3.27663  		3.49151  		3.91475  		1.0      
6.05017  		1.87109  		2.0214   		2.3647   		2.94715  		2.99827  		3.01535  		2.83924  		3.08386  		3.35213  		1.0      
6.61327  		1.97488  		2.23441  		2.41709  		3.04846  		3.5972   		4.20549  		3.19614  		3.39125  		3.65427  		1.0      
12.2903  		3.12555  		3.79975  		4.56221  		3.70507  		4.56171  		5.53081  		3.84475  		4.44456  		5.09656  		1.0      
8.24627  		2.35957  		3.12644  		3.84476  		1.53557  		2.4934   		3.01718  		1.36156  		1.92922  		2.7278   		1.0      
12.3503  		3.13247  		3.84428  		4.60673  		3.70507  		4.59933  		5.56842  		3.84475  		4.44456  		5.13418  		1.0      
9.16418  		2.35955  		2.89483  		3.24502  		3.31769  		3.52814  		3.77762  		3.05951  		3.39329  		3.98267  		1.0      
6.05074  		1.98421  		2.14236  		2.49127  		2.87575  		3.48212  		4.40748  		3.27663  		3.30433  		3.53392  		1.0      
7.40649  		1.95069  		2.4943   		2.75784  		3.14672  		3.79236  		4.64327  		3.19614  		3.57843  		4.0192   		1.0      
6.15504  		2.00534  		1.96755  		2.22999  		2.84888  		2.89909  		2.91617  		2.83924  		2.89668  		3.08317  		1.0      
9.02982  		2.35955  		2.89483  		3.24502  		3.31769  		3.52814  		3.77762  		3.05951  		3.39329  		3.98267  		1.0      
11.2342  		2.98774  		3.58855  		4.05857  		3.42067  		4.18598  		5.05165  		3.84723  		4.28518  		4.87264  		1.0      
13.0293  		3.23459  		4.07101  		4.89546  		3.97834  		4.84005  		5.80914  		3.90784  		4.69405  		5.53812  		1.0      
8.92332  		2.85255  		3.14039  		3.50548  		3.20074  		3.40497  		3.49834  		3.04586  		3.69286  		4.13317  		1.0      
7.41314  		2.61843  		3.27041  		3.98476  		1.65042  		2.55292  		2.59204  		1.44014  		2.10422  		2.93174  		1.0      
6.00506  		2.06811  		2.28452  		2.55347  		3.05128  		3.17754  		3.20251  		2.73802  		3.16457  		3.51453  		1.0      
9.70235  		2.77092  		3.11781  		3.57354  		3.23042  		3.84929  		4.77465  		3.70876  		3.94934  		4.28089  		1.0      
6.74117  		2.29929  		2.75522  		3.77065  		0.685215 		1.49141  		1.63977  		1.05416  		1.54131  		2.20359  		1.0      
10.8862  		3.05656  		3.505    		4.09964  		3.33289  		3.88931  		4.64408  		3.90882  		4.16129  		4.58802  		1.0      
8.69258  		2.43604  		2.73663  		3.14308  		3.34058  		3.37316  		3.41538  		2.92698  		3.55368  		4.0364   		1.0      
1.95256  		0.918001 		0.855045 		1.24407  		-0.0414448		-0.210441		-0.4561  		0.24797  		0.300048 		0.386913 		1.0      
9.00464  		2.08677  		2.53735  		2.96241  		2.91033  		3.46675  		4.22152  		3.2602   		3.50714  		3.87301  		1.0      
7.67691  		2.41452  		2.68646  		3.13859  		3.47233  		3.53538  		3.56352  		3.13859  		3.71419  		4.2117   		1.0      
8.43523  		2.48351  		2.63472  		3.1494   		2.65233  		3.16812  		3.96244  		3.75594  		3.67499  		3.7854   		1.0      
7.44345  		2.53332  		2.84843  		3.30056  		3.5054   		3.56845  		3.59659  		3.21319  		3.88294  		4.38046  		1.0      
12.8006  		3.21041  		4.07697  		4.95771  		4.03104  		4.9557   		5.92479  		3.90784  		4.76903  		5.61084  		1.0      
8.02539  		2.70706  		3.04091  		3.48168  		3.3195   		3.63378  		3.88517  		3.24911  		3.84979  		4.21809  		1.0      
7.2308   		1.85124  		1.92563  		2.32522  		2.5667   		3.08249  		3.87681  		3.40131  		3.2663   		3.27873  		1.0      
12.2793  		2.97316  		3.87856  		4.7593   		4.01668  		4.97803  		5.94712  		3.78742  		4.64307  		5.52157  		1.0      
9.80154  		2.25402  		2.85971  		3.36591  		3.32324  		3.96671  		4.80476  		3.3836   		3.93462  		4.28492  		1.0      
6.17272  		1.51358  		1.81829  		2.00148  		2.72935  		3.28577  		4.04054  		2.99285  		3.01534  		3.34466  		1.0      
8.74315  		2.04089  		2.50155  		3.00996  		3.1105   		3.8585   		4.78386  		3.37109  		3.61139  		4.14187  		1.0      
5.61897  		1.89421  		2.22767  		2.36264  		2.83854  		2.86856  		2.86033  		2.85158  		3.19596  		3.36874  		1.0      
5.65526  		1.59043  		1.64879  		1.88022  		2.51363  		2.94541  		3.63697  		3.11722  		2.91236  		2.89917  		1.0      
8.36497  		2.47645  		2.84107  		3.19385  		3.15191  		3.85414  		4.67675  		3.64147  		3.66949  		4.1217   		1.0      
8.02539  		2.70706  		3.04091  		3.48168  		3.3195   		3.63378  		3.88517  		3.24911  		3.84979  		4.21809  		1.0      
6.65793  		2.19817  		2.5267   		2.77057  		3.08859  		3.13188  		3.17284  		2.89362  		3.40541  		3.74091  		1.0      
9.54865  		2.44148  		2.89999  		3.40841  		3.14479  		3.89279  		4.81816  		3.51144  		3.75728  		4.28776  		1.0      
5.36653  		1.79799  		2.13144  		2.23931  		2.84634  		2.87636  		2.86813  		2.80966  		3.15912  		3.33191  		1.0      
7.01721  		2.71397  		3.08544  		3.40514  		3.3195   		3.36463  		3.35407  		3.24911  		3.84979  		4.25571  		1.0      
8.67247  		2.12397  		2.47183  		2.98024  		3.1105   		3.74571  		4.67107  		3.37109  		3.61139  		4.02908  		1.0      
8.67247  		2.12397  		2.47183  		2.98024  		3.1105   		3.74571  		4.67107  		3.37109  		3.61139  		4.02908  		1.0      
13.1104  		3.34078  		4.114    		4.71654  		3.81744  		4.65987  		5.67202  		4.05368  		4.75199  		5.48481  		1.0      
6.78561  		2.12077  		2.25391  		2.45784  		2.92688  		3.09831  		3.14162  		2.57652  		2.91717  		3.32467  		1.0      
1.73698  		0.931761 		1.18721  		1.64271  		-0.138531		0.327285 		0.21513  		0.0651061		0.0174785		0.324125 		1.0      
5.76405  		1.72669  		1.96251  		2.21058  		2.994    		3.34477  		4.27013  		3.28012  		3.16029  		3.36006  		1.0      
0.0461068		0.981378 		0.993193 		0.891717 		0.228657 		0.0691335		-0.232079		0.176341 		0.385618 		0.45784  		1.0      
6.14757  		2.34539  		2.56339  		2.83233  		3.0917   		3.21796  		3.19288  		2.86273  		3.34186  		3.69182  		1.0      
5.64273  		2.39702  		2.54375  		2.72104  		3.0917   		3.21704  		3.19196  		2.86273  		3.24643  		3.59546  		1.0      
12.0021  		3.35503  		4.17363  		4.7847   		3.83254  		4.72111  		5.73327  		4.05368  		4.75932  		5.54606  		1.0      
9.60648  		2.93545  		3.48199  		3.96054  		3.39753  		4.10933  		4.90716  		3.809    		4.25428  		4.79599  		1.0      
5.93435  		1.88599  		2.05593  		2.38629  		2.69448  		3.07458  		3.91126  		3.53878  		3.27686  		3.31703  		1.0      
2.76184  		0.854393 		1.17961  		1.65354  		-0.304856		0.525551 		0.654385 		-0.0979818		0.0528658		0.406789 		1.0      
9.09497  		2.26676  		2.69008  		3.02568  		3.03394  		3.78194  		4.7073   		3.47385  		3.52393  		3.91473  		1.0      
7.15511  		1.75231  		1.85081  		2.06956  		2.45584  		2.97163  		3.76595  		3.37018  		3.09873  		2.96344  		1.0      
10.7734  		2.53645  		3.29637  		3.89651  		3.90582  		4.86809  		5.83719  		3.74983  		4.28421  		5.02396  		1.0      
8.18566  		1.94925  		2.26191  		2.59752  		2.99964  		3.63485  		4.56022  		3.3335   		3.37804  		3.65605  		1.0      
6.82988  		2.07071  		2.32022  		2.56409  		3.04564  		3.08894  		3.07984  		2.77978  		3.16953  		3.50503  		1.0      
7.71778  		2.46523  		2.74419  		3.18496  		3.19032  		3.53331  		3.73465  		3.03812  		3.50833  		3.90534  		1.0      
9.18714  		2.0533   		2.31955  		2.82797  		3.15171  		3.78692  		4.71228  		3.28012  		3.35661  		3.7743   		1.0      
7.6423   		1.96     		2.03439  		2.43398  		2.61682  		3.13261  		3.92692  		3.45143  		3.31642  		3.32885  		1.0      
12.619   		2.64455  		3.46834  		4.34908  		3.79994  		4.7613   		5.73039  		3.43851  		4.13035  		5.00885  		1.0      
5.49788  		2.20639  		2.48609  		2.80579  		3.17849  		3.22361  		3.163    		3.00094  		3.45114  		3.85706  		1.0      
9.15464  		2.14965  		2.61031  		3.11872  		3.16062  		3.90862  		4.83398  		3.42121  		3.66151  		4.19199  		1.0      
