origin_200 mse:48.48659563581171 ,acc=1.0
OOitr_30_100_3 : mse=1.3307166319527959 ,acc=0.9748427672955975
	30 is chosen from 100 trees
OOitr_40_100_3 : mse=2.3438328712261574 ,acc=0.9937106918238994
	40 is chosen from 100 trees
OOitr_50_100_3 : mse=3.6484935528337514 ,acc=1.0
	50 is chosen from 100 trees
OOitr_30_60_15 : mse=3.3595802616922747 ,acc=0.9937106918238994
	30 is chosen from 60 trees
OOitr_40_60_15 : mse=5.498115591326426 ,acc=0.9937106918238994
	40 is chosen from 60 trees
OOitr_50_60_15 : mse=8.535382681167176 ,acc=0.9874213836477987
	50 is chosen from 60 trees
OOitr_30_80_20 : mse=3.542018969946931 ,acc=0.9937106918238994
	30 is chosen from 80 trees
OOitr_40_80_20 : mse=4.522704039999887 ,acc=0.9937106918238994
	40 is chosen from 80 trees
OOitr_50_80_20 : mse=6.360143665595712 ,acc=0.9937106918238994
	50 is chosen from 80 trees

origin   		oo_15    		oo_20    		oo_25    		oo_15    		oo_20    		oo_25    		oo_15    		oo_20    		oo_25    		label
-3.42339 		-0.545242		-0.897895		-1.08648 		-0.694272		-0.843735		-1.25751 		-0.880377		-1.26042 		-1.39437 		0.0      
-4.93592 		-0.421141		-0.877271		-1.06343 		-1.01527 		-1.28412 		-1.56526 		-1.24069 		-1.22939 		-1.47616 		0.0      
-5.60461 		-0.381249		-0.768811		-1.03716 		-1.19171 		-1.41945 		-1.90849 		-1.13931 		-1.30942 		-1.50469 		0.0      
-4.55364 		-0.26193 		-0.545532		-0.731687		-0.895302		-1.18128 		-1.43919 		-1.19704 		-1.19489 		-1.27434 		0.0      
-5.40604 		-0.783585		-1.24148 		-1.46932 		-0.873393		-1.19642 		-1.51903 		-1.01753 		-1.54018 		-1.86327 		0.0      
-5.67233 		-0.505812		-0.901426		-1.16978 		-1.31167 		-1.55653 		-2.02236 		-1.25445 		-1.44328 		-1.63854 		0.0      
-4.42137 		-0.486808		-0.767365		-1.05682 		-1.35581 		-1.66931 		-2.04786 		-1.38083 		-1.68323 		-1.88058 		0.0      
-5.73751 		-0.38684 		-0.771102		-1.05934 		-1.40637 		-1.75455 		-2.35174 		-1.53556 		-1.70447 		-1.92948 		0.0      
-3.06477 		-0.562185		-0.858146		-1.16993 		-0.593649		-1.00275 		-1.09282 		-0.751274		-1.01325 		-1.32217 		0.0      
-6.03703 		-0.260987		-0.718677		-1.00691 		-1.3089  		-1.70733 		-2.39589 		-1.41913 		-1.56933 		-1.79434 		0.0      
-5.82426 		-0.76905 		-1.17392 		-1.4857  		-1.10275 		-1.63305 		-2.0231  		-1.31842 		-1.66642 		-1.97535 		0.0      
-5.47918 		-0.819781		-1.40887 		-1.7297  		-1.44392 		-1.58631 		-2.11466 		-1.47253 		-1.99211 		-2.32858 		0.0      
-7.39361 		-0.828447		-1.42969 		-1.90073 		-1.83319 		-2.26069 		-3.00582 		-1.91694 		-2.22905 		-2.54504 		0.0      
-3.67774 		-0.627906		-0.779043		-1.01353 		-0.52458 		-0.962755		-1.1094  		-0.723566		-0.916372		-1.15779 		0.0      
-2.74037 		-0.172384		-0.299357		-0.426453		-0.76483 		-0.95084 		-1.48863 		-0.953734		-1.09419 		-1.04128 		0.0      
-2.76292 		-0.432222		-0.555933		-0.790417		-0.446561		-0.884736		-1.03138 		-0.619559		-0.7258  		-0.967223		0.0      
-3.67774 		-0.627906		-0.779043		-1.01353 		-0.52458 		-0.962755		-1.1094  		-0.723566		-0.916372		-1.15779 		0.0      
-5.58098 		-0.648166		-1.18185 		-1.62217 		-1.07733 		-1.49561 		-1.84011 		-1.13862 		-1.6048  		-2.14283 		0.0      
-5.01828 		-0.782741		-1.23624 		-1.60832 		-1.12533 		-1.42515 		-1.79042 		-1.23769 		-1.59185 		-1.86066 		0.0      
-6.19428 		-0.495623		-1.04147 		-1.52753 		-1.19902 		-1.67518 		-2.20675 		-1.25918 		-1.56457 		-1.96837 		0.0      
-2.18095 		-0.191669		-0.194345		-0.112861		-1.02696 		-1.22716 		-1.68963 		-0.842348		-0.986039		-1.01548 		0.0      
-4.46731 		-0.510346		-0.828542		-1.08638 		-1.36017 		-1.58554 		-2.18627 		-1.31386 		-1.54637 		-1.78561 		0.0      
-5.37841 		-0.206334		-0.519351		-0.762853		-1.31117 		-1.59423 		-2.28376 		-1.34228 		-1.49178 		-1.71247 		0.0      
-3.11105 		-0.46935 		-0.549846		-0.581327		-0.772679		-1.06641 		-1.33227 		-0.617379		-0.796538		-1.08883 		0.0      
-3.00866 		0.0643313		-0.229054		-0.508404		-0.250333		-0.378993		-0.557375		-0.0547292		-0.413519		-0.673954		0.0      
-2.66113 		0.353772 		0.0693437		-0.168401		-0.628973		-0.749309		-1.00588 		-0.465658		-0.562981		-0.774948		0.0      
-5.75522 		-0.356935		-0.612912		-0.849795		-1.57514 		-2.1993  		-2.9454  		-1.59193 		-1.67085 		-2.05992 		0.0      
-8.12742 		-1.15601 		-1.67413 		-2.15527 		-1.60763 		-2.21839 		-2.73744 		-1.60821 		-2.15981 		-2.69647 		0.0      
-3.05725 		0.0643313		-0.229054		-0.508404		-0.250333		-0.533487		-0.777728		-0.0547292		-0.413519		-0.673954		0.0      
-3.05725 		0.0643313		-0.229054		-0.508404		-0.250333		-0.533487		-0.777728		-0.0547292		-0.413519		-0.673954		0.0      
-2.37377 		-0.0732968		-0.0848486		-0.0874651		-0.496609		-0.602125		-1.09498 		-0.681259		-0.709995		-0.75999 		0.0      
-4.46146 		-0.0126463		-0.357984		-0.704227		-0.969343		-1.59077 		-2.12234 		-0.902371		-1.11147 		-1.50054 		0.0      
-6.44951 		-0.552244		-1.15562 		-1.68089 		-1.25682 		-1.89659 		-2.40267 		-1.35674 		-1.63155 		-2.16958 		0.0      
-5.90972 		-0.629294		-1.1832  		-1.66926 		-1.30431 		-1.79881 		-2.30489 		-1.38342 		-1.70753 		-2.11133 		0.0      
-4.476   		-0.212751		-0.477817		-0.656141		-0.852169		-1.23223 		-1.67105 		-0.93926 		-1.10311 		-1.48771 		0.0      
-4.94999 		-0.929711		-1.37306 		-1.51318 		-1.19457 		-1.22315 		-1.46552 		-1.3902  		-1.81844 		-2.12331 		0.0      
-3.02935 		-0.00075432		-0.32547 		-0.63547 		-0.392018		-0.691116		-0.935358		-0.175885		-0.521483		-0.936631		0.0      
-7.71552 		-1.38025 		-1.94762 		-2.45941 		-1.30657 		-1.71567 		-1.98153 		-1.31556 		-1.9071  		-2.47333 		0.0      
6.61166  		2.24686  		2.59322  		3.11895  		1.72936  		2.08217  		2.42353  		1.92924  		2.30376  		2.65169  		1.0      
9.87804  		2.44821  		2.97258  		3.54458  		3.74424  		4.53485  		5.27553  		3.72664  		4.06304  		4.96251  		1.0      
15.0593  		3.64251  		4.45097  		5.29822  		4.2779   		5.19319  		6.23422  		4.11981  		5.0245   		5.97006  		1.0      
4.36143  		1.30603  		1.5006   		1.71161  		1.1096   		1.65853  		1.98116  		1.03034  		1.36674  		1.81274  		1.0      
10.0045  		2.89001  		3.16102  		3.32343  		3.62347  		4.38026  		5.20475  		3.61937  		4.25193  		4.69794  		1.0      
2.72298  		0.939306 		1.02301  		1.18542  		0.977118 		1.52605  		1.84868  		0.897132 		1.05694  		1.50295  		1.0      
6.21694  		1.94952  		2.17444  		2.49279  		1.60752  		2.01989  		2.32177  		1.59709  		2.04473  		2.51254  		1.0      
5.65439  		1.70281  		2.18611  		2.89271  		1.28009  		1.60201  		1.77879  		0.895004 		1.4473   		2.14124  		1.0      
14.2588  		3.33698  		4.15003  		4.97067  		4.10142  		4.98916  		5.76947  		4.01682  		4.82788  		5.66606  		1.0      
13.3752  		2.92194  		3.65373  		4.41605  		3.93548  		4.87801  		5.87482  		3.77443  		4.38612  		5.26836  		1.0      
5.47755  		1.34481  		1.73574  		2.36178  		1.08871  		1.47795  		1.7459   		0.681832 		1.09612  		1.73655  		1.0      
4.31529  		1.69524  		1.99653  		2.2831   		1.94942  		2.05682  		2.33946  		1.60867  		2.00424  		2.33637  		1.0      
13.7886  		3.47337  		4.28117  		4.95218  		4.30777  		4.97295  		5.54449  		4.03498  		4.97977  		5.6985   		1.0      
4.77499  		1.67056  		2.02132  		2.3946   		1.94942  		2.20209  		2.48472  		1.65208  		1.99836  		2.5122   		1.0      
4.73931  		1.48269  		1.80428  		1.9473   		1.8517   		1.97284  		2.07139  		1.3498   		1.78628  		2.23008  		1.0      
9.69209  		2.34716  		2.79934  		3.33427  		3.42695  		4.26972  		5.06951  		3.46381  		3.59118  		4.34378  		1.0      
8.48492  		2.04399  		2.38305  		2.7107   		2.90438  		3.16244  		3.53542  		2.85831  		3.15416  		3.3738   		1.0      
4.92239  		1.34128  		1.33662  		1.30684  		2.31275  		2.41231  		2.59157  		2.4275   		2.38638  		2.27866  		1.0      
11.1707  		2.42668  		2.98457  		3.68568  		3.32898  		4.27151  		5.26832  		3.51185  		3.65256  		4.40516  		1.0      
5.98852  		1.5746   		1.81054  		2.16608  		2.95275  		3.854    		4.77192  		3.32463  		3.15452  		3.79778  		1.0      
3.54168  		0.886225 		0.877298 		1.07237  		0.876349 		0.880163 		0.990253 		0.648841 		0.674929 		0.89457  		1.0      
6.65531  		1.9411   		2.15262  		2.2718   		2.38138  		2.45001  		2.62928  		2.61109  		2.73309  		2.64717  		1.0      
5.60888  		1.9411   		2.06961  		2.18878  		2.38138  		2.45001  		2.62928  		2.61109  		2.73309  		2.64717  		1.0      
1.88127  		0.763748 		0.649978 		0.591823 		0.195658 		0.34491  		0.329468 		0.0239989		0.151373 		0.0792714		1.0      
11.6355  		2.405    		2.90293  		3.56018  		3.44182  		4.34729  		5.32462  		3.49524  		3.79108  		4.41758  		1.0      
9.9177   		2.20447  		2.65664  		3.19158  		3.26487  		4.10764  		4.90743  		3.47715  		3.4291   		4.1817   		1.0      
7.23573  		1.85759  		2.20693  		2.63974  		3.13494  		4.03618  		4.9541   		3.46373  		3.38992  		4.03317  		1.0      
3.61364  		0.886225 		0.877298 		1.07237  		0.876349 		1.03466  		1.21061  		0.648841 		0.674929 		0.89457  		1.0      
4.21719  		1.44479  		1.42508  		1.34669  		2.38138  		2.48094  		2.6602   		2.48593  		2.54356  		2.43584  		1.0      
8.63331  		2.04399  		2.38305  		2.7107   		2.90438  		3.16244  		3.53542  		2.85831  		3.15416  		3.3738   		1.0      
6.3312   		1.17848  		1.41587  		1.94527  		2.76439  		3.49907  		4.23975  		2.92966  		2.49357  		3.24617  		1.0      
3.10205  		0.803766 		0.838011 		1.03308  		0.924449 		0.928262 		1.03835  		0.666024 		0.718726 		0.875168 		1.0      
15.5299  		3.92727  		4.89676  		5.88506  		4.36391  		5.46112  		6.50247  		4.33979  		5.31617  		6.29703  		1.0      
11.3377  		2.64845  		3.30141  		3.75558  		3.68104  		4.46366  		5.31924  		3.72697  		4.17049  		4.65922  		1.0      
4.47638  		0.855999 		1.41746  		1.87163  		0.687469 		1.09464  		1.28255  		0.791293 		0.89414  		1.38287  		1.0      
5.5454   		1.73563  		2.10684  		2.52442  		1.76766  		2.21845  		2.48326  		1.6383   		1.9321   		2.20483  		1.0      
14.6836  		3.96992  		4.93941  		5.92772  		4.40656  		5.24952  		6.06006  		4.44629  		5.35882  		6.33968  		1.0      
11.8911  		2.95641  		3.69713  		4.28755  		3.72838  		4.46538  		5.29586  		3.90318  		4.36755  		4.83898  		1.0      
12.6661  		2.90735  		3.66578  		4.45766  		4.06553  		5.04337  		5.9613   		3.80822  		4.42753  		5.35202  		1.0      
4.57061  		1.40623  		1.51094  		1.92889  		1.28796  		1.61963  		1.88246  		1.14301  		1.52677  		1.79007  		1.0      
5.05099  		0.773731 		1.25737  		1.59858  		1.13717  		1.4508   		1.93868  		1.01626  		1.27905  		1.50494  		1.0      
12.4559  		2.90735  		3.66578  		4.45766  		4.06553  		5.04337  		5.9613   		3.80822  		4.42753  		5.35202  		1.0      
12.979   		3.37658  		4.16271  		4.71835  		3.95429  		4.70599  		5.56156  		3.96341  		4.68842  		5.15147  		1.0      
12.5644  		3.37658  		4.16271  		4.71835  		3.95429  		4.70599  		5.56156  		3.96341  		4.68842  		5.15147  		1.0      
2.9541   		0.724775 		1.18099  		1.5222   		0.785976 		0.978415 		1.16632  		0.607024 		0.783788 		1.00967  		1.0      
8.76116  		1.97597  		2.19817  		2.57451  		3.26926  		4.21178  		5.2086   		3.23167  		3.32452  		3.95175  		1.0      
4.90861  		1.59771  		1.58179  		1.49777  		2.54689  		2.57978  		2.76623  		2.53833  		2.63118  		2.61913  		1.0      
0.828249 		0.596102 		0.470338 		0.474178 		-0.261702		-0.0582082		0.056782 		-0.417647		-0.182112		-0.0525833		1.0      
5.39536  		1.89431  		1.97076  		1.99353  		2.69626  		2.80889  		2.99534  		2.65378  		2.92097  		2.98866  		1.0      
9.98447  		2.69797  		3.10145  		3.46559  		3.4772   		4.31997  		5.15183  		3.67291  		3.86575  		4.49298  		1.0      
6.93713  		1.60026  		1.74289  		2.02207  		2.92779  		3.82904  		4.74696  		3.19594  		2.97757  		3.50764  		1.0      
3.79451  		1.6787   		1.78838  		1.94334  		0.991674 		1.07103  		1.47002  		0.911882 		1.20941  		1.43956  		1.0      
3.44172  		1.56434  		1.58809  		1.74306  		0.973839 		1.05319  		1.45218  		0.897831 		1.22197  		1.42337  		1.0      
10.0629  		2.97242  		3.37142  		3.73626  		3.62053  		4.38689  		5.19863  		3.88596  		4.18349  		4.65118  		1.0      
7.18409  		1.8072   		2.07378  		2.34427  		3.11639  		4.01763  		4.93555  		3.35582  		3.20562  		3.73569  		1.0      
10.6746  		2.93935  		3.51507  		4.03231  		3.75509  		4.59786  		5.42972  		3.79128  		4.284    		4.97873  		1.0      
5.15977  		1.42294  		1.43122  		1.33172  		2.5159   		2.6256   		2.75548  		2.45936  		2.48523  		2.45841  		1.0      
14.2397  		3.83746  		4.66909  		5.29879  		4.00324  		4.80632  		5.71286  		4.04996  		4.8971   		5.56914  		1.0      
6.57609  		1.36874  		1.61514  		1.91741  		2.98749  		3.55457  		4.12946  		3.1527   		2.8379   		3.45035  		1.0      
10.8931  		3.10238  		3.67363  		4.19156  		3.76762  		4.68847  		5.56607  		4.01768  		4.47094  		5.00613  		1.0      
6.66259  		1.87863  		2.07591  		2.18826  		2.76832  		3.42871  		4.21261  		3.37583  		3.23821  		3.28054  		1.0      
11.8729  		2.77357  		3.33465  		4.01987  		3.54922  		4.49175  		5.48856  		3.60502  		3.97972  		4.67445  		1.0      
9.56009  		2.77502  		3.2007   		3.84964  		3.53613  		3.94737  		4.22973  		3.06626  		3.67127  		4.28398  		1.0      
10.6579  		2.88163  		3.49631  		4.14086  		3.67807  		4.22236  		4.9954   		3.86003  		4.29062  		4.82387  		1.0      
9.71018  		2.21796  		2.54809  		2.93497  		3.47415  		4.12146  		5.11827  		3.29938  		3.61828  		4.0835   		1.0      
7.25754  		1.58656  		2.0279   		2.47059  		3.07151  		3.46458  		4.12722  		3.15173  		3.08477  		3.55765  		1.0      
11.4883  		2.97576  		3.53423  		4.09551  		3.66275  		4.31006  		5.30687  		3.63153  		4.13226  		4.6846   		1.0      
9.1291   		1.85259  		2.42296  		2.99883  		3.05155  		3.61863  		4.19352  		3.60754  		3.43316  		4.12894  		1.0      
9.83696  		2.33082  		2.88129  		3.27378  		3.53774  		4.43899  		5.35691  		3.67846  		3.76615  		4.35245  		1.0      
13.1904  		2.57847  		3.23397  		3.98188  		3.76779  		4.71032  		5.70713  		3.60754  		4.06725  		4.93508  		1.0      
8.97436  		2.39674  		2.85372  		3.19607  		3.08723  		3.33619  		3.49758  		3.2506   		3.65298  		3.891    		1.0      
1.76689  		0.906306 		1.05054  		1.22085  		0.237835 		0.387043 		0.20866  		0.557251 		0.653642 		0.719612 		1.0      
9.08111  		2.50382  		2.95131  		3.29366  		3.06939  		3.31836  		3.47975  		3.26778  		3.69678  		3.90605  		1.0      
8.78416  		2.05137  		2.48844  		2.80366  		3.35556  		4.2568   		5.17472  		3.48226  		3.47366  		4.05997  		1.0      
8.67026  		2.58067  		3.02392  		3.37892  		2.91907  		3.0634   		3.34005  		3.06127  		3.5432   		3.66012  		1.0      
1.71831  		0.906306 		1.05054  		1.22085  		0.237835 		0.232549 		-0.0116926		0.557251 		0.653642 		0.719612 		1.0      
1.52721  		0.979973 		1.10144  		1.27175  		0.22     		0.214713 		-0.0295281		0.574435 		0.697439 		0.734665 		1.0      
8.79408  		2.58067  		3.02392  		3.37892  		2.91907  		3.0634   		3.34005  		3.06127  		3.5432   		3.66012  		1.0      
7.855    		1.57884  		2.01425  		2.4269   		2.91021  		3.81145  		4.59098  		3.20798  		3.01094  		3.70262  		1.0      
12.9234  		2.95124  		3.54252  		4.28225  		3.87388  		4.81641  		5.81322  		3.69829  		4.2105   		5.03532  		1.0      
4.92492  		1.85734  		1.83511  		1.84514  		2.70187  		2.68129  		2.90137  		2.67079  		2.89827  		2.85835  		1.0      
5.74125  		2.12467  		2.25066  		2.34892  		2.65438  		2.60288  		2.82296  		2.71079  		2.98238  		2.85493  		1.0      
2.25742  		1.53539  		1.64051  		1.62422  		0.548423 		0.91831  		1.01667  		0.714124 		0.758179 		0.872135 		1.0      
6.31619  		1.6685   		1.83278  		1.94328  		2.74089  		3.37969  		3.95861  		3.16132  		2.94343  		3.17382  		1.0      
7.88294  		1.95944  		2.38924  		2.54061  		2.89711  		3.59438  		4.36273  		3.36284  		3.31421  		3.59591  		1.0      
12.9234  		2.95124  		3.54252  		4.28225  		3.87388  		4.81641  		5.81322  		3.69829  		4.2105   		5.03532  		1.0      
11.4625  		2.12247  		2.55788  		3.22903  		3.5031   		4.44563  		5.44244  		3.25706  		3.50643  		4.33125  		1.0      
8.59186  		1.57604  		2.01145  		2.4241   		2.94837  		3.84961  		4.76753  		3.15159  		3.0491   		3.74078  		1.0      
6.26761  		1.6685   		1.83278  		1.94328  		2.74089  		3.2252   		3.73826  		3.16132  		2.94343  		3.17382  		1.0      
5.55581  		1.06895  		1.32298  		1.69221  		2.75657  		3.44485  		4.10749  		2.84168  		2.43044  		3.08321  		1.0      
8.57462  		1.78297  		2.26085  		2.66482  		3.13696  		4.03821  		4.95613  		3.31147  		3.27715  		3.96883  		1.0      
5.75316  		1.77424  		1.91397  		1.99958  		2.73824  		2.70934  		2.87073  		2.81583  		2.92566  		2.83728  		1.0      
5.93819  		2.25052  		2.38457  		2.48282  		2.75185  		2.70035  		2.92043  		2.82722  		3.11753  		2.99007  		1.0      
7.41743  		2.56204  		3.24873  		4.01857  		1.90108  		2.45194  		2.59019  		1.68487  		2.23122  		2.96198  		1.0      
6.18154  		2.05676  		2.1367   		2.21355  		2.91403  		3.18396  		3.43023  		2.57673  		2.97541  		3.00488  		1.0      
6.65013  		2.43652  		2.65243  		2.86661  		2.86724  		3.10625  		3.35252  		2.80125  		3.16108  		3.25197  		1.0      
6.10643  		2.34601  		2.4748   		2.61676  		2.86724  		3.10625  		3.35252  		2.71074  		3.07056  		3.07434  		1.0      
6.10643  		2.34601  		2.4748   		2.61676  		2.86724  		3.10625  		3.35252  		2.71074  		3.07056  		3.07434  		1.0      
5.52778  		1.54407  		1.58934  		1.48921  		2.66478  		3.20717  		3.7861   		3.02078  		2.83941  		2.74247  		1.0      
1.53926  		1.22312  		1.3064   		1.25946  		0.346722 		0.594785 		0.693147 		0.497934 		0.528568 		0.516554 		1.0      
8.09347  		2.38604  		2.65282  		2.81696  		3.20467  		4.04744  		4.77594  		3.4546   		3.54534  		3.96719  		1.0      
5.90534  		1.30897  		1.41988  		1.51544  		2.76726  		3.33435  		3.90923  		3.01337  		2.68475  		3.1066   		1.0      
7.88483  		1.45029  		1.7024   		1.91764  		2.95328  		3.85453  		4.77245  		2.97763  		2.81911  		3.27987  		1.0      
3.98859  		1.41206  		1.30369  		1.10909  		2.56676  		2.62664  		2.90329  		2.34193  		2.48975  		2.35842  		1.0      
10.8829  		2.53055  		2.92388  		3.37443  		3.55658  		4.49911  		5.49593  		3.255    		3.62679  		4.22069  		1.0      
5.29037  		1.49633  		1.5416   		1.44147  		2.61704  		3.00494  		3.51801  		3.02298  		2.79167  		2.69473  		1.0      
6.97457  		1.71868  		2.14848  		2.30927  		2.59263  		3.1935   		3.8332   		3.23177  		3.03249  		3.2272   		1.0      
7.00148  		2.45491  		2.6036   		2.73081  		2.98153  		2.96095  		3.18103  		3.02682  		3.39813  		3.35821  		1.0      
5.3277   		1.62615  		1.61897  		1.61575  		2.61074  		2.59017  		2.81025  		2.58559  		2.69406  		2.59229  		1.0      
10.0867  		2.14488  		2.51464  		2.99011  		3.28626  		3.92841  		4.77565  		3.26668  		3.54018  		3.84621  		1.0      
5.69827  		1.53606  		1.70034  		1.81084  		2.66904  		3.05694  		3.57001  		3.08947  		2.811    		2.94498  		1.0      
12.4098  		2.78976  		3.36639  		4.13972  		3.6917   		4.63423  		5.63104  		3.49869  		3.9299   		4.75472  		1.0      
5.51172  		1.83223  		1.96247  		2.04808  		2.64856  		2.52325  		2.68464  		2.76116  		2.92037  		2.70683  		1.0      
12.4189  		2.89907  		3.49035  		4.23008  		3.8411   		4.78363  		5.78044  		3.68495  		4.17771  		5.00253  		1.0      
5.5309   		1.81167  		1.89527  		1.96384  		2.71616  		2.80931  		3.05177  		2.62123  		2.87529  		2.72452  		1.0      
9.62741  		2.06242  		2.6537   		3.13494  		3.31915  		4.22039  		5.13832  		3.50766  		3.56964  		4.26132  		1.0      
5.51172  		1.83223  		1.96247  		2.04808  		2.64856  		2.52325  		2.68464  		2.76116  		2.92037  		2.70683  		1.0      
12.3164  		2.78976  		3.36639  		4.13972  		3.6917   		4.63423  		5.63104  		3.49869  		3.9299   		4.75472  		1.0      
5.74125  		2.12467  		2.25066  		2.34892  		2.65438  		2.60288  		2.82296  		2.71079  		2.98238  		2.85493  		1.0      
5.69827  		1.53606  		1.70034  		1.81084  		2.66904  		3.05694  		3.57001  		3.08947  		2.811    		2.94498  		1.0      
5.93819  		2.25052  		2.38457  		2.48282  		2.75185  		2.70035  		2.92043  		2.82722  		3.11753  		2.99007  		1.0      
