origin_200 mse:53.27238790132778 ,acc=1.0
OOitr_30_100_3 : mse=1.5628966020720958 ,acc=0.949685534591195
	30 is chosen from 100 trees
OOitr_40_100_3 : mse=2.976776837119068 ,acc=0.9811320754716981
	40 is chosen from 100 trees
OOitr_50_100_3 : mse=4.698623031705258 ,acc=0.9937106918238994
	50 is chosen from 100 trees
OOitr_30_60_15 : mse=3.8267135469516447 ,acc=0.9748427672955975
	30 is chosen from 60 trees
OOitr_40_60_15 : mse=5.964018141648138 ,acc=0.9811320754716981
	40 is chosen from 60 trees
OOitr_50_60_15 : mse=9.066478741806547 ,acc=0.9937106918238994
	50 is chosen from 60 trees
OOitr_30_80_20 : mse=4.10394221575633 ,acc=0.9748427672955975
	30 is chosen from 80 trees
OOitr_40_80_20 : mse=5.634043403031018 ,acc=0.9874213836477987
	40 is chosen from 80 trees
OOitr_50_80_20 : mse=7.775073672614309 ,acc=0.9874213836477987
	50 is chosen from 80 trees

origin   		oo_15    		oo_20    		oo_25    		oo_15    		oo_20    		oo_25    		oo_15    		oo_20    		oo_25    		label
-5.30008 		-0.49713 		-0.909178		-1.19801 		-0.468196		-0.649566		-0.925974		-0.852369		-1.15905 		-1.16005 		0.0      
-5.72191 		-0.403612		-1.03736 		-1.35811 		-0.526653		-0.943522		-1.21993 		-0.810271		-1.11571 		-1.33679 		0.0      
-4.59094 		-0.406057		-1.03351 		-1.53426 		-1.04359 		-1.48834 		-1.76991 		-0.938385		-1.20824 		-1.67402 		0.0      
-5.30008 		-0.49713 		-0.909178		-1.19801 		-0.468196		-0.649566		-0.925974		-0.852369		-1.15905 		-1.16005 		0.0      
-5.12737 		-0.71857 		-1.22425 		-1.68517 		-1.52054 		-1.75457 		-1.9129  		-1.45062 		-1.81586 		-2.31709 		0.0      
-6.68459 		-0.514425		-0.930223		-1.38454 		-1.5652  		-1.87208 		-2.34059 		-1.42633 		-1.89808 		-2.25119 		0.0      
-6.03762 		-0.214584		-0.572029		-0.965114		-0.912903		-1.42008 		-2.06495 		-0.957894		-1.15872 		-1.5185  		0.0      
-4.71927 		-0.415109		-0.831523		-1.25031 		-0.914726		-1.4219  		-1.88763 		-0.924693		-1.16716 		-1.52695 		0.0      
-5.54863 		-0.498361		-0.880111		-1.29287 		-1.1932  		-1.49399 		-1.97446 		-1.47086 		-1.62204 		-1.92625 		0.0      
-4.27119 		-0.102779		-0.427994		-0.840753		-1.19575 		-1.49653 		-1.81177 		-1.28747 		-1.37957 		-1.68632 		0.0      
-4.94432 		-0.514766		-1.00815 		-1.36542 		-0.989983		-1.29145 		-1.63785 		-1.17847 		-1.50904 		-1.8587  		0.0      
-6.23403 		-0.767687		-1.31114 		-1.74724 		-1.56912 		-1.91221 		-2.404   		-1.77682 		-2.05306 		-2.39552 		0.0      
-7.58787 		-0.731463		-1.25061 		-1.80172 		-1.9164  		-2.46588 		-3.13969 		-1.99586 		-2.36906 		-2.82122 		0.0      
-2.96596 		-0.517955		-1.09856 		-1.36124 		-1.05248 		-1.39625 		-1.61654 		-1.022   		-1.38535 		-1.62151 		0.0      
-5.42307 		-0.649506		-1.17712 		-1.60317 		-1.26336 		-1.60713 		-1.96484 		-1.2643  		-1.67801 		-2.08523 		0.0      
-7.58787 		-0.731463		-1.25061 		-1.80172 		-1.9164  		-2.46588 		-3.13969 		-1.99586 		-2.36906 		-2.82122 		0.0      
-7.9795  		-0.614065		-1.11743 		-1.69426 		-1.96492 		-2.5144  		-3.11634 		-1.92186 		-2.33671 		-2.78886 		0.0      
-5.42307 		-0.649506		-1.17712 		-1.60317 		-1.26336 		-1.60713 		-1.96484 		-1.2643  		-1.67801 		-2.08523 		0.0      
-0.834364		0.304856 		0.118854 		0.171472 		0.0845332		-0.01151 		-0.107629		-0.274454		0.0334913		0.172902 		0.0      
-5.97308 		-0.132386		-0.521257		-0.917894		-1.46636 		-2.00058 		-2.53117 		-1.59738 		-1.80854 		-2.08133 		0.0      
-4.20704 		-0.469714		-0.911355		-1.05148 		-1.07276 		-1.44818 		-1.78264 		-1.25829 		-1.31345 		-1.48187 		0.0      
-5.6414  		-0.236524		-0.48849 		-0.838698		-1.4392  		-1.79325 		-2.32384 		-1.60518 		-1.83778 		-1.95471 		0.0      
-5.86242 		-0.2532  		-0.711959		-1.17486 		-1.25155 		-1.36178 		-1.7365  		-1.1579  		-1.46256 		-1.89133 		0.0      
-9.17671 		-1.3033  		-2.07993 		-2.68392 		-1.73488 		-2.25752 		-2.7162  		-1.65243 		-2.29857 		-2.89864 		0.0      
-2.84289 		0.215277 		-0.0593169		-0.40988 		-0.338504		-0.541475		-0.7515  		-0.0508294		-0.487287		-0.713238		0.0      
-9.17671 		-1.3033  		-2.07993 		-2.68392 		-1.73488 		-2.25752 		-2.7162  		-1.65243 		-2.29857 		-2.89864 		0.0      
-2.13382 		0.354254 		0.127168 		-0.314698		-0.142175		-0.328508		-0.181768		0.15433  		-0.27508 		-0.516986		0.0      
-2.85869 		0.383588 		0.197049 		-0.145736		-0.716407		-0.936584		-1.17383 		-0.525537		-0.640588		-0.90447 		0.0      
-4.158   		0.208948 		-0.131234		-0.384423		-0.860668		-1.15478 		-1.7843  		-0.838031		-1.07143 		-1.43151 		0.0      
-2.52933 		-0.2025  		-0.745623		-0.756221		-0.326351		-0.724854		-0.904983		-0.613567		-0.59172 		-0.788492		0.0      
-5.55036 		-0.365117		-0.748492		-1.2285  		-1.34454 		-1.66005 		-2.28494 		-1.4072  		-1.81164 		-2.05488 		0.0      
-4.15221 		-0.0927707		-0.560175		-0.934087		-0.956177		-1.32958 		-1.76493 		-1.10033 		-1.19651 		-1.58172 		0.0      
-5.67469 		-0.81437 		-1.44539 		-1.69528 		-0.814047		-1.33508 		-1.65264 		-1.02931 		-1.40645 		-1.69683 		0.0      
-5.06703 		-0.516515		-0.85215 		-1.31979 		-1.63584 		-2.14846 		-2.53087 		-1.71571 		-2.09544 		-2.43065 		0.0      
-6.73803 		-1.16454 		-1.92864 		-2.47936 		-1.5755  		-2.11624 		-2.42619 		-1.30829 		-1.97874 		-2.59861 		0.0      
-3.67851 		0.00183777		-0.272756		-0.623319		-0.338504		-0.541475		-0.7515  		-0.0508294		-0.487287		-0.713238		0.0      
-3.17829 		0.0349635		-0.239241		-0.589804		-0.325921		-0.528892		-0.654906		-0.0412616		-0.489914		-0.703282		0.0      
-3.67851 		0.00183777		-0.272756		-0.623319		-0.338504		-0.541475		-0.7515  		-0.0508294		-0.487287		-0.713238		0.0      
10.5073  		2.23635  		2.56201  		3.30242  		3.56368  		4.51167  		5.2857   		3.46664  		3.58495  		4.31406  		1.0      
5.50865  		1.97367  		2.07434  		2.34631  		1.76148  		2.09719  		2.55147  		1.50748  		1.91559  		2.39828  		1.0      
11.9229  		2.7713   		3.24869  		3.85647  		3.95172  		4.5557   		5.36025  		3.75318  		4.10434  		4.73729  		1.0      
13.1272  		3.3109   		4.01293  		4.85463  		4.15262  		5.10061  		6.09829  		4.07797  		4.68022  		5.45846  		1.0      
11.5885  		2.64039  		3.16279  		3.9032   		3.69598  		4.64396  		5.60171  		3.70157  		4.1961   		4.94808  		1.0      
6.01745  		1.48841  		1.73847  		2.14867  		1.96936  		2.51982  		3.04379  		1.52537  		1.91507  		2.57117  		1.0      
12.156   		3.21081  		4.00935  		4.78854  		4.04998  		4.99797  		5.99565  		3.9596   		4.58566  		5.40404  		1.0      
3.03558  		1.07595  		0.88099  		1.19103  		1.52132  		1.76933  		2.21717  		0.998551 		1.08964  		1.40955  		1.0      
10.8654  		2.60741  		3.2233   		3.81074  		3.68447  		4.341    		5.20427  		3.77997  		4.12768  		4.87365  		1.0      
12.0026  		3.21081  		4.00935  		4.78854  		4.04998  		4.99797  		5.99565  		3.9596   		4.58566  		5.40404  		1.0      
6.49909  		1.9777   		2.1803   		2.5362   		1.90419  		2.42007  		2.87435  		1.59513  		2.00336  		2.64191  		1.0      
2.97565  		1.07595  		0.88099  		1.19103  		1.52132  		1.76933  		2.21717  		0.998551 		1.08964  		1.40955  		1.0      
13.5394  		2.68225  		3.30598  		4.04406  		3.79775  		4.49532  		5.2778   		3.61187  		4.13117  		4.88125  		1.0      
14.9518  		3.56263  		4.32436  		5.21306  		4.25289  		5.03163  		5.93079  		4.04969  		4.97463  		5.72056  		1.0      
6.17504  		1.66349  		1.99894  		2.51685  		1.57521  		2.21927  		2.76648  		1.05615  		1.63344  		2.40665  		1.0      
12.5039  		3.00385  		3.46722  		4.0134   		3.65039  		4.23097  		5.07814  		3.89088  		4.19107  		4.72776  		1.0      
4.68362  		1.45925  		1.55367  		2.13562  		1.55984  		2.01123  		2.36067  		1.30657  		1.45817  		1.88743  		1.0      
5.45317  		1.80438  		1.97336  		2.28032  		1.39412  		1.64192  		1.85272  		1.35397  		1.66254  		1.94369  		1.0      
11.7753  		2.58323  		3.07272  		3.66498  		3.62879  		4.50083  		5.44248  		3.58575  		3.73735  		4.40641  		1.0      
4.86097  		1.32498  		1.38028  		1.68724  		1.39412  		1.64192  		1.82982  		1.28964  		1.48453  		1.76568  		1.0      
14.1766  		3.54005  		4.31825  		5.22111  		4.2807   		4.99285  		5.82064  		4.19371  		5.13551  		5.83121  		1.0      
7.27921  		1.78801  		2.08962  		2.452    		3.13869  		3.82754  		4.43151  		3.30136  		3.29307  		3.71796  		1.0      
5.44635  		1.91514  		2.30755  		2.63402  		2.72231  		2.67599  		2.7563   		2.87574  		3.38077  		3.50484  		1.0      
7.36484  		1.88285  		2.23939  		2.68969  		3.17687  		3.86572  		4.46181  		3.19636  		3.09375  		3.60791  		1.0      
5.57402  		1.88682  		2.22847  		2.4741   		2.72324  		2.67692  		2.75723  		2.94796  		3.37216  		3.49623  		1.0      
13.7614  		3.49499  		4.20771  		5.02041  		3.59489  		4.34832  		5.12303  		3.71552  		4.50135  		5.07797  		1.0      
9.00892  		2.11712  		2.57285  		3.10436  		2.95395  		3.1207   		3.37713  		2.89191  		3.38008  		3.6482   		1.0      
8.38679  		2.2623   		2.69172  		3.13496  		2.90708  		2.91314  		2.99345  		3.06634  		3.46672  		3.6683   		1.0      
3.40114  		1.40137  		1.50963  		1.65293  		1.10212  		1.26887  		1.29377  		0.822045 		1.08237  		1.25142  		1.0      
3.40114  		1.40137  		1.50963  		1.65293  		1.10212  		1.26887  		1.29377  		0.822045 		1.08237  		1.25142  		1.0      
11.9802  		2.9076   		3.78381  		4.40368  		2.83263  		3.43233  		4.24505  		2.50979  		3.53057  		4.30346  		1.0      
6.01317  		2.26684  		2.8077   		3.24969  		2.15196  		2.45741  		2.61252  		1.85979  		2.47508  		3.03179  		1.0      
16.4839  		3.84915  		4.98038  		5.88124  		4.69661  		5.77348  		6.88225  		4.62621  		5.647    		6.70582  		1.0      
5.80152  		2.16213  		2.70299  		3.06441  		1.89473  		2.20018  		2.35528  		1.60255  		2.21785  		2.77455  		1.0      
12.0923  		2.79976  		3.42746  		3.89091  		3.97117  		4.61034  		5.45549  		3.86607  		4.39641  		5.06799  		1.0      
12.9927  		3.54727  		4.45835  		5.2891   		4.13452  		5.09006  		6.09154  		4.07938  		4.95137  		5.80838  		1.0      
12.0733  		2.86055  		3.53662  		4.37107  		3.87759  		4.83313  		5.79468  		3.72723  		4.2347   		5.14804  		1.0      
12.7748  		3.45148  		4.1829   		4.80508  		4.20913  		4.86289  		5.70804  		4.27424  		5.14623  		5.76343  		1.0      
4.86778  		1.75731  		2.27745  		2.55583  		1.83216  		2.25082  		2.40592  		1.3853   		1.89276  		2.56631  		1.0      
12.7705  		3.38333  		4.11475  		4.66214  		4.20913  		4.86289  		5.70804  		4.27424  		5.14623  		5.76343  		1.0      
5.32565  		1.75731  		2.27745  		2.55583  		1.83216  		2.25082  		2.40592  		1.3853   		1.89276  		2.56631  		1.0      
11.9224  		3.03263  		3.8529   		4.66859  		3.02703  		4.1039   		4.98113  		2.68984  		3.60901  		4.56549  		1.0      
5.51686  		1.76654  		2.33744  		2.5526   		1.66809  		2.08675  		2.31372  		1.36384  		1.8081   		2.48164  		1.0      
12.6171  		3.38333  		4.11475  		4.66214  		4.20913  		4.86289  		5.70804  		4.27424  		5.14623  		5.76343  		1.0      
9.44037  		2.44057  		2.84164  		3.18925  		3.39874  		3.77897  		4.20463  		3.28059  		3.69548  		4.01032  		1.0      
9.78337  		2.64831  		3.37295  		3.75495  		3.40977  		4.17274  		5.13247  		3.6074   		3.97511  		4.29498  		1.0      
6.26244  		1.24483  		1.69644  		1.85092  		2.65646  		3.41942  		4.0102   		2.95073  		2.62016  		2.76898  		1.0      
6.7755   		2.20064  		2.40584  		2.57927  		2.90941  		2.9785   		3.13411  		3.06582  		3.43353  		3.5136   		1.0      
6.91834  		2.20987  		2.46583  		2.7201   		2.88939  		2.95848  		3.11409  		2.97451  		3.42306  		3.50313  		1.0      
2.11858  		1.07002  		1.17329  		1.13616  		-0.0444001		-0.0434039		0.029882 		-0.18291 		0.00920855		0.242183 		1.0      
10.7795  		3.04977  		3.73342  		4.17774  		3.69633  		4.53682  		5.34903  		3.93159  		4.33681  		4.84098  		1.0      
7.0282   		1.68695  		1.90441  		2.08533  		2.81334  		3.65383  		4.24461  		3.32085  		3.22175  		3.32397  		1.0      
3.9494   		1.52529  		1.89964  		1.95364  		1.04049  		1.3784   		1.64524  		0.932859 		1.20111  		1.56073  		1.0      
9.97539  		2.3221   		3.01129  		3.59201  		3.45299  		3.7909   		4.20526  		3.24551  		3.79728  		4.3168   		1.0      
5.04715  		1.28556  		1.58861  		1.86619  		2.55015  		2.56234  		2.70665  		2.57596  		2.73795  		2.80367  		1.0      
5.80775  		1.83389  		2.27563  		2.59964  		2.67257  		2.69934  		2.84365  		2.88868  		3.37075  		3.3821   		1.0      
11.0288  		3.02538  		3.9358   		4.6195   		3.73954  		4.58002  		5.53976  		3.81321  		4.53796  		5.15241  		1.0      
7.49141  		1.75345  		2.11783  		2.43549  		2.92968  		3.77016  		4.49836  		3.10383  		2.96063  		3.41519  		1.0      
7.26981  		2.07513  		2.51688  		3.00426  		2.77591  		2.80269  		2.947    		2.88868  		3.4741   		3.65652  		1.0      
6.57856  		1.83781  		2.09176  		2.21329  		2.83573  		3.21931  		4.09118  		3.39603  		3.23213  		3.22949  		1.0      
2.11858  		1.07002  		1.17329  		1.13616  		-0.0444001		-0.0434039		0.029882 		-0.18291 		0.00920855		0.242183 		1.0      
7.01472  		1.77816  		2.09641  		2.37399  		2.84066  		2.89516  		3.05618  		2.82428  		3.16672  		3.27563  		1.0      
12.5379  		3.14777  		4.11944  		4.83174  		4.2594   		5.02479  		6.02851  		4.13944  		4.92356  		5.63531  		1.0      
10.7795  		3.04977  		3.73342  		4.17774  		3.69633  		4.53682  		5.34903  		3.93159  		4.33681  		4.84098  		1.0      
8.59202  		2.29225  		2.70875  		3.01733  		3.18811  		3.92958  		4.84939  		3.71257  		3.85724  		4.00974  		1.0      
6.37916  		1.71031  		2.00416  		2.12413  		2.87947  		3.62095  		4.54075  		3.40766  		3.34104  		3.35041  		1.0      
3.9494   		1.52529  		1.89964  		1.95364  		1.04049  		1.3784   		1.64524  		0.932859 		1.20111  		1.56073  		1.0      
11.0288  		3.02538  		3.9358   		4.6195   		3.73954  		4.58002  		5.53976  		3.81321  		4.53796  		5.15241  		1.0      
9.8676   		2.41523  		3.01428  		3.595    		3.35065  		3.68856  		4.10292  		3.3622   		3.92617  		4.34335  		1.0      
9.76585  		2.78414  		3.69455  		4.21488  		3.63619  		4.47667  		5.43641  		3.81321  		4.43461  		4.878    		1.0      
11.8821  		3.1381   		3.85069  		4.40513  		3.7926   		4.28965  		5.08874  		3.89934  		4.69932  		5.18824  		1.0      
9.1124   		1.77938  		2.198    		2.57357  		3.12791  		3.78722  		4.63424  		3.28614  		3.15218  		3.74646  		1.0      
9.09836  		2.44442  		2.71033  		3.25695  		3.11175  		3.37757  		3.58186  		3.05157  		3.74993  		4.19221  		1.0      
10.6536  		3.02849  		3.82703  		4.44375  		3.77147  		4.55333  		5.40034  		3.81092  		4.43493  		5.11913  		1.0      
8.74267  		2.44442  		2.69774  		3.24437  		3.09917  		3.36499  		3.56928  		3.05157  		3.74993  		4.17963  		1.0      
5.41669  		1.42462  		1.79261  		1.91779  		2.55983  		3.12268  		3.69049  		3.12199  		2.65652  		2.79415  		1.0      
3.64958  		1.80649  		1.98104  		2.37231  		1.12848  		1.35029  		1.27495  		0.97666  		1.69693  		1.97878  		1.0      
5.54152  		1.89364  		2.03376  		2.11737  		2.75586  		2.64938  		2.88194  		2.9078   		3.11549  		3.23163  		1.0      
11.7249  		2.95148  		3.55913  		4.19353  		3.76447  		4.29822  		5.21003  		3.88344  		4.36867  		5.05569  		1.0      
0.246813 		0.455609 		0.50872  		0.540977 		-0.398481		-0.336843		-0.235092		-0.483105		-0.193527		-0.0257679		1.0      
8.47012  		2.17389  		2.57283  		2.8826   		2.82711  		3.1684   		3.92227  		3.60252  		3.48646  		3.63996  		1.0      
9.18274  		2.46316  		2.70096  		3.22304  		3.27396  		3.26221  		3.45604  		3.23859  		3.71162  		4.23491  		1.0      
8.73589  		2.02006  		2.43656  		2.88605  		2.90182  		3.79313  		4.71293  		3.54857  		3.40767  		3.70177  		1.0      
10.8458  		3.25932  		3.80755  		4.48452  		3.61753  		4.17985  		4.83498  		3.76864  		4.29583  		4.86846  		1.0      
2.64646  		1.66426  		1.73248  		1.6631   		0.386145 		0.904451 		1.446    		0.917138 		0.778336 		0.873467 		1.0      
6.46459  		2.05646  		2.40087  		2.7558   		3.24379  		3.29805  		3.47344  		2.98837  		3.50432  		3.73798  		1.0      
7.09822  		2.37399  		2.80568  		3.20924  		3.27956  		3.22386  		3.3153   		3.18922  		3.74017  		3.95378  		1.0      
5.4872   		1.51938  		1.75958  		1.99616  		2.85775  		2.73509  		2.82653  		2.66269  		2.89578  		3.08625  		1.0      
6.34703  		1.44726  		1.78501  		1.96245  		2.54998  		3.44129  		4.03207  		3.01874  		2.62842  		2.99826  		1.0      
5.4693   		2.11219  		2.50686  		2.90821  		3.0757   		2.96763  		3.05906  		2.97954  		3.63513  		3.77123  		1.0      
5.4693   		2.11219  		2.50686  		2.90821  		3.0757   		2.96763  		3.05906  		2.97954  		3.63513  		3.77123  		1.0      
9.06358  		2.1712   		2.73428  		3.3555   		3.527    		4.03337  		4.94518  		3.46642  		3.703    		4.35505  		1.0      
5.4872   		1.51938  		1.75958  		1.99616  		2.85775  		2.73509  		2.82653  		2.66269  		2.89578  		3.08625  		1.0      
7.24207  		2.07307  		2.3378   		2.64458  		2.95697  		3.36697  		4.12084  		3.47931  		3.41062  		3.65499  		1.0      
5.75117  		1.33756  		1.62232  		1.79975  		2.54998  		3.44129  		4.16949  		2.96602  		2.5227   		2.89253  		1.0      
6.34703  		1.44726  		1.78501  		1.96245  		2.54998  		3.44129  		4.03207  		3.01874  		2.62842  		2.99826  		1.0      
5.52046  		2.10296  		2.44687  		2.76738  		3.09572  		2.98764  		3.07908  		3.07085  		3.6456   		3.7817   		1.0      
11.4932  		2.78006  		3.46493  		4.1573   		3.72177  		4.46238  		5.22697  		3.82851  		4.62848  		5.22762  		1.0      
11.8741  		3.12858  		3.83061  		4.50984  		3.87411  		4.65597  		5.50298  		3.92929  		4.52949  		5.17355  		1.0      
5.36366  		1.31007  		1.34647  		1.34614  		2.51789  		2.39683  		2.62939  		2.49964  		2.36568  		2.53618  		1.0      
5.88332  		1.97908  		2.26771  		2.52728  		2.95193  		3.25614  		3.65802  		3.42273  		3.37277  		3.39997  		1.0      
7.18883  		1.66776  		2.19006  		2.67245  		2.95463  		3.73648  		4.35196  		3.01675  		3.0386   		3.57496  		1.0      
5.47612  		1.42462  		1.79261  		1.91779  		2.55983  		3.12268  		3.69049  		3.12199  		2.65652  		2.79415  		1.0      
10.5597  		3.02849  		3.82703  		4.44375  		3.77147  		4.55333  		5.40034  		3.81092  		4.43493  		5.11913  		1.0      
9.50715  		2.5339   		3.24052  		3.65361  		3.44708  		4.1064   		4.95341  		3.69431  		3.902    		4.4926   		1.0      
6.37963  		1.28287  		1.76624  		2.045    		2.63023  		3.28955  		3.76761  		2.95286  		2.61139  		3.05415  		1.0      
8.67838  		2.44442  		2.69774  		3.24437  		3.09917  		3.36499  		3.56928  		3.05157  		3.74993  		4.17963  		1.0      
5.5477   		1.81665  		1.84469  		1.919    		2.79687  		2.59413  		2.80373  		2.96888  		2.93912  		3.00593  		1.0      
7.5971   		1.54135  		1.93369  		2.17972  		2.57036  		3.32373  		4.24353  		3.11706  		2.73021  		2.90273  		1.0      
10.3281  		2.04452  		2.66693  		3.39253  		3.46443  		4.35574  		5.31548  		3.31359  		3.55373  		4.40474  		1.0      
9.65483  		2.44811  		2.8646   		3.3141   		3.13608  		4.02738  		4.94719  		3.76351  		3.83572  		4.12981  		1.0      
5.34117  		1.5969   		1.8149   		2.21068  		2.90547  		2.74651  		2.81612  		2.80067  		3.03021  		3.29434  		1.0      
11.5147  		3.22709  		4.13751  		4.90061  		4.01786  		4.90917  		5.86891  		3.93669  		4.7316   		5.57893  		1.0      
5.73726  		2.11219  		2.50686  		2.90821  		3.0757   		2.96763  		3.05906  		2.97954  		3.63513  		3.77123  		1.0      
11.7139  		3.22709  		4.13751  		4.90061  		4.01786  		4.90917  		5.86891  		3.93669  		4.7316   		5.57893  		1.0      
8.3373   		2.20584  		2.72011  		3.0242   		2.99263  		3.88393  		4.77819  		3.57884  		3.47083  		3.80052  		1.0      
5.66622  		1.62168  		1.8574   		1.99053  		2.7968   		3.33954  		4.06933  		3.34923  		3.13293  		3.31319  		1.0      
5.78843  		2.10296  		2.44687  		2.76738  		3.09572  		2.98764  		3.07908  		3.07085  		3.6456   		3.7817   		1.0      
5.73726  		2.11219  		2.50686  		2.90821  		3.0757   		2.96763  		3.05906  		2.97954  		3.63513  		3.77123  		1.0      
5.58986  		1.33756  		1.62232  		1.79975  		2.54998  		3.44129  		4.16949  		2.96602  		2.5227   		2.89253  		1.0      
8.47186  		2.09635  		2.5098   		2.89678  		3.03682  		3.92813  		4.84793  		3.42836  		3.30633  		3.75473  		1.0      
