origin_200 mse:52.21888237177404 ,acc=1.0
OOitr_30_100_3 : mse=1.4753023877451485 ,acc=0.96875
	30 is chosen from 100 trees
OOitr_40_100_3 : mse=2.8044218930639566 ,acc=0.99375
	40 is chosen from 100 trees
OOitr_50_100_3 : mse=4.296696499882645 ,acc=1.0
	50 is chosen from 100 trees
OOitr_30_60_15 : mse=3.6324527438570384 ,acc=0.9875
	30 is chosen from 60 trees
OOitr_40_60_15 : mse=5.744262279153316 ,acc=0.9875
	40 is chosen from 60 trees
OOitr_50_60_15 : mse=8.805043980079294 ,acc=0.98125
	50 is chosen from 60 trees
OOitr_30_80_20 : mse=3.663451180777673 ,acc=0.9875
	30 is chosen from 80 trees
OOitr_40_80_20 : mse=4.999050700397358 ,acc=0.9875
	40 is chosen from 80 trees
OOitr_50_80_20 : mse=7.113007150082605 ,acc=0.9875
	50 is chosen from 80 trees

origin   		oo_15    		oo_20    		oo_25    		oo_15    		oo_20    		oo_25    		oo_15    		oo_20    		oo_25    		label
-5.23414 		-0.436121		-0.920926		-1.4251  		-1.27474 		-1.62299 		-2.2252  		-1.11735 		-1.48797 		-1.98573 		0.0      
-4.92674 		-0.594079		-0.893839		-1.25311 		-1.22304 		-1.48202 		-1.70249 		-1.17761 		-1.39096 		-1.67944 		0.0      
-4.50874 		-0.406112		-0.705872		-0.997827		-1.21328 		-1.31654 		-1.53701 		-1.11023 		-1.38521 		-1.60637 		0.0      
-2.52373 		-0.544356		-0.798985		-0.984743		-0.630474		-1.06242 		-1.26568 		-0.65605 		-1.03563 		-1.33812 		0.0      
-5.6422  		-0.470216		-0.956883		-1.36886 		-1.43064 		-1.66681 		-2.15321 		-1.23928 		-1.73057 		-2.06377 		0.0      
-5.17762 		-0.874921		-1.10621 		-1.2862  		-0.799661		-1.2025  		-1.35578 		-0.991509		-1.3795  		-1.65289 		0.0      
-3.88337 		-0.372579		-0.636771		-1.06275 		-0.958576		-1.30224 		-1.29141 		-0.873226		-1.06432 		-1.48996 		0.0      
-3.42337 		0.000438832		-0.230851		-0.255734		-0.445011		-0.523458		-0.776852		-0.419681		-0.692029		-0.693504		0.0      
-5.20693 		-0.373927		-0.860594		-1.27257 		-1.33362 		-1.56978 		-2.05619 		-1.17428 		-1.59227 		-1.92546 		0.0      
-4.51459 		-0.611795		-0.843085		-1.02307 		-0.719011		-1.12185 		-1.27513 		-0.860368		-1.22054 		-1.49393 		0.0      
-5.20693 		-0.373927		-0.860594		-1.27257 		-1.33362 		-1.56978 		-2.05619 		-1.17428 		-1.59227 		-1.92546 		0.0      
-2.59857 		-0.105787		-0.352186		-0.372986		-0.747645		-1.00852 		-1.35542 		-0.757802		-0.940341		-1.06024 		0.0      
-5.0296  		-0.262461		-0.662146		-1.02476 		-1.09875 		-1.55    		-2.02916 		-1.20146 		-1.19065 		-1.60376 		0.0      
-2.323   		-0.340953		-0.529347		-0.60407 		-0.598216		-0.917905		-0.805893		-0.779813		-0.841552		-1.02027 		0.0      
-3.21487 		-0.604079		-0.792473		-0.867196		-0.678866		-0.998555		-0.886543		-0.910953		-1.00051 		-1.17922 		0.0      
-4.1163  		0.243358 		-0.247307		-0.613394		-1.05141 		-1.40714 		-1.75138 		-0.903241		-1.05401 		-1.47022 		0.0      
-4.9725  		-0.312418		-0.646581		-0.92093 		-1.34432 		-1.60238 		-2.07255 		-1.376   		-1.42604 		-1.80457 		0.0      
-5.74266 		-1.00757 		-1.32676 		-1.59248 		-1.0433  		-1.53861 		-1.96228 		-1.29108 		-1.57878 		-1.93563 		0.0      
-3.79582 		-0.259135		-0.482607		-0.873205		-0.792054		-1.09612 		-1.15466 		-0.794478		-0.700996		-1.14363 		0.0      
-2.96356 		-0.309536		-0.595665		-0.65237 		-0.799253		-0.909648		-1.3721  		-0.898331		-1.11455 		-1.16643 		0.0      
-5.44946 		-0.431991		-0.766154		-1.15529 		-1.35886 		-1.77263 		-2.22248 		-1.47117 		-1.39994 		-1.84579 		0.0      
-6.69695 		-0.535692		-1.10621 		-1.49926 		-1.64143 		-2.00736 		-2.7028  		-1.72092 		-1.95354 		-2.34843 		0.0      
-7.43794 		-0.967614		-1.53814 		-1.93118 		-1.85094 		-2.21687 		-2.84309 		-1.86913 		-2.28754 		-2.68243 		0.0      
-4.88497 		-0.447482		-0.784028		-0.946192		-1.11693 		-1.38909 		-1.96655 		-1.03699 		-1.24736 		-1.54833 		0.0      
-2.61632 		0.262797 		0.0124596		-0.00167334		-0.527141		-0.553964		-1.02068 		-0.604256		-0.604629		-0.707389		0.0      
-3.26459 		-0.122792		-0.458584		-0.383038		-1.41916 		-1.58398 		-1.98203 		-1.05909 		-1.17696 		-1.51139 		0.0      
-5.3623  		-0.28979 		-0.706193		-0.938828		-1.41284 		-1.64272 		-2.20222 		-1.39864 		-1.58526 		-1.96093 		0.0      
-5.3623  		-0.28979 		-0.706193		-0.938828		-1.41284 		-1.64272 		-2.20222 		-1.39864 		-1.58526 		-1.96093 		0.0      
-3.91232 		-0.773464		-1.1968  		-1.5258  		-1.57863 		-2.03489 		-2.22346 		-1.53334 		-1.8996  		-2.17017 		0.0      
-6.27467 		-0.709298		-1.31595 		-1.63179 		-1.3954  		-1.71933 		-2.26917 		-1.22213 		-1.79993 		-2.09564 		0.0      
-6.09596 		-1.25153 		-1.72598 		-1.97038 		-1.37055 		-1.49085 		-1.69017 		-1.37528 		-1.90404 		-1.99611 		0.0      
-3.25727 		0.0438611		-0.449328		-0.658312		-0.290098		-0.564835		-0.918078		-0.0967105		-0.561102		-0.837159		0.0      
-7.69439 		-1.32008 		-1.86873 		-2.32215 		-1.4391  		-1.9055  		-2.2589  		-1.37528 		-1.97259 		-2.41077 		0.0      
-4.16465 		-0.373013		-0.694393		-0.81997 		-1.2322  		-1.28237 		-1.65298 		-1.15515 		-1.34775 		-1.55786 		0.0      
-6.0567  		-0.214116		-0.632837		-1.05391 		-1.39003 		-2.03914 		-2.47224 		-1.07747 		-1.47846 		-1.98903 		0.0      
-4.24396 		-0.373013		-0.694393		-0.81997 		-1.2322  		-1.28237 		-1.65298 		-1.15515 		-1.34775 		-1.55786 		0.0      
-6.60181 		-1.106   		-1.73865 		-2.13997 		-1.7963  		-2.34527 		-2.81253 		-1.74597 		-2.26569 		-2.73438 		0.0      
-8.32609 		-1.40424 		-1.99115 		-2.5453  		-1.61931 		-2.207   		-2.64198 		-1.55669 		-2.27516 		-2.86071 		0.0      
-3.0127  		0.236086 		-0.238369		-0.482769		-0.869282		-0.989576		-1.1889  		-0.629367		-0.983325		-1.0754  		0.0      
14.046   		3.62148  		4.46321  		5.10216  		4.26286  		4.89311  		5.81745  		4.15624  		5.01849  		5.78903  		1.0      
14.7228  		3.86847  		4.77478  		5.66172  		3.42161  		4.48571  		5.26478  		3.39092  		4.39297  		5.33354  		1.0      
12.4813  		3.28612  		4.12785  		4.7668   		4.18231  		4.81255  		5.7369   		3.9631   		4.83523  		5.60577  		1.0      
10.1551  		2.7197   		3.34901  		3.90583  		3.88569  		4.56122  		5.34982  		3.61913  		4.23777  		4.57287  		1.0      
12.02    		3.55522  		4.39743  		5.07694  		4.15762  		4.96062  		5.74921  		4.06556  		4.85627  		5.59135  		1.0      
16.0764  		3.97327  		5.01586  		5.83293  		4.47845  		5.356    		6.38709  		4.46763  		5.50242  		6.42337  		1.0      
4.58782  		1.06071  		1.6247   		2.04811  		1.73123  		1.90468  		2.40549  		1.42524  		1.99064  		2.30437  		1.0      
14.5709  		3.86634  		4.7642   		5.47482  		4.32304  		5.04068  		5.71473  		4.39128  		5.30402  		5.99408  		1.0      
5.70225  		1.9839   		2.47682  		2.99491  		1.95202  		2.30277  		2.68097  		1.86121  		2.51743  		2.92549  		1.0      
14.4168  		3.77059  		4.72457  		5.46244  		4.33258  		5.05411  		5.70824  		4.23634  		5.25368  		6.00223  		1.0      
7.67707  		1.93554  		2.59864  		3.11308  		1.5053   		2.13232  		2.69138  		0.945342 		1.77808  		2.36092  		1.0      
4.18621  		1.17814  		1.49742  		1.76967  		1.63003  		1.94215  		2.04299  		1.10639  		1.54313  		1.73054  		1.0      
10.7266  		2.37788  		3.11266  		3.77777  		3.59716  		4.46891  		5.40163  		3.5025   		3.95649  		4.77474  		1.0      
12.6202  		3.32288  		4.12225  		4.74314  		4.24124  		5.02496  		5.81312  		3.7387   		4.69398  		5.43351  		1.0      
12.063   		3.32288  		4.12225  		4.74314  		4.24124  		5.02496  		5.73466  		3.7387   		4.69398  		5.43351  		1.0      
15.7287  		3.96369  		4.96792  		5.81223  		4.49016  		5.36838  		6.36897  		4.34041  		5.41126  		6.3165   		1.0      
10.9674  		2.71399  		3.44876  		4.11387  		3.71885  		4.59061  		5.52332  		3.59881  		4.09494  		4.91318  		1.0      
10.9674  		2.71399  		3.44876  		4.11387  		3.71885  		4.59061  		5.52332  		3.59881  		4.09494  		4.91318  		1.0      
10.2547  		2.91677  		3.58628  		4.30682  		2.41918  		3.01227  		3.2981   		2.18102  		3.12981  		3.78683  		1.0      
4.40758  		0.971234 		1.56013  		1.91947  		1.2266   		1.50751  		1.85537  		0.580026 		1.22857  		1.4653   		1.0      
5.85865  		1.9712   		2.16166  		2.10664  		3.11834  		3.55997  		4.25178  		3.3935   		3.46206  		3.39447  		1.0      
7.34281  		2.2968   		2.6258   		3.12687  		1.56315  		2.07564  		2.25055  		1.51908  		1.75675  		2.27534  		1.0      
0.0586616		0.363337 		0.182904 		0.152253 		-0.287924		-0.321282		-0.253118		-0.215363		-0.438565		-0.394952		1.0      
5.94121  		1.79482  		2.13969  		2.23292  		3.07759  		3.82187  		4.43259  		3.31283  		3.35913  		3.5942   		1.0      
5.78838  		1.48025  		1.69367  		1.8082   		2.72215  		3.5939   		4.20462  		3.16299  		2.96252  		3.30853  		1.0      
5.94121  		1.79482  		2.13969  		2.23292  		3.07759  		3.82187  		4.43259  		3.31283  		3.35913  		3.5942   		1.0      
9.58192  		2.70472  		3.12958  		3.62749  		3.05678  		3.33026  		3.71046  		3.10541  		3.51744  		4.01642  		1.0      
5.64281  		1.67607  		1.69751  		1.77772  		2.40264  		2.39017  		2.66362  		2.5663   		2.5362   		2.65318  		1.0      
8.91391  		2.15714  		2.582    		3.07098  		2.77515  		3.02285  		3.40305  		2.70757  		3.03704  		3.5271   		1.0      
5.94516  		1.81099  		1.83243  		1.91264  		2.44999  		2.43752  		2.71097  		2.5013   		2.54226  		2.65924  		1.0      
10.2496  		2.74581  		3.32799  		3.89592  		3.60218  		4.24951  		4.69391  		3.68179  		4.0898   		4.58816  		1.0      
6.1026   		1.81636  		2.02978  		2.1443   		2.84384  		3.71559  		4.32632  		3.2593   		3.10096  		3.44698  		1.0      
10.3375  		2.28281  		2.70707  		3.23223  		3.34507  		4.27502  		5.19613  		3.40099  		3.63054  		4.26124  		1.0      
2.92953  		0.831207 		0.979995 		1.29583  		0.669801 		0.686617 		0.590104 		0.490964 		0.556763 		0.815926 		1.0      
12.1615  		2.89368  		3.31795  		3.84311  		3.56144  		4.4914   		5.41251  		3.72841  		4.01915  		4.64984  		1.0      
6.6301   		1.61251  		1.87007  		2.22785  		3.01467  		3.74285  		4.23722  		3.21015  		3.15329  		3.58221  		1.0      
2.39311  		1.71038  		1.71975  		1.79923  		0.336225 		1.04376  		1.26719  		0.341994 		0.538245 		0.891628 		1.0      
0.0586616		0.363337 		0.182904 		0.152253 		-0.287924		-0.321282		-0.253118		-0.215363		-0.438565		-0.394952		1.0      
10.6533  		2.81437  		3.47073  		4.03867  		3.67073  		4.39226  		4.9012   		3.68179  		4.15835  		4.73091  		1.0      
5.94121  		1.79482  		2.13969  		2.23292  		3.07759  		3.82187  		4.43259  		3.31283  		3.35913  		3.5942   		1.0      
5.64281  		1.67607  		1.69751  		1.77772  		2.40264  		2.39017  		2.66362  		2.5663   		2.5362   		2.65318  		1.0      
8.91391  		2.15714  		2.582    		3.07098  		2.77515  		3.02285  		3.40305  		2.70757  		3.03704  		3.5271   		1.0      
2.92953  		0.831207 		0.979995 		1.29583  		0.669801 		0.686617 		0.590104 		0.490964 		0.556763 		0.815926 		1.0      
5.42629  		1.72414  		1.74559  		1.8258   		2.44999  		2.43752  		2.71097  		2.5013   		2.54226  		2.65924  		1.0      
10.2496  		2.74581  		3.32799  		3.89592  		3.60218  		4.24951  		4.69391  		3.68179  		4.0898   		4.58816  		1.0      
5.94516  		1.81099  		1.83243  		1.91264  		2.44999  		2.43752  		2.71097  		2.5013   		2.54226  		2.65924  		1.0      
6.01297  		1.79966  		2.46074  		2.89041  		2.14975  		2.37367  		2.97508  		2.14655  		2.90641  		3.06766  		1.0      
8.87852  		2.13081  		2.70019  		3.27406  		1.7339   		2.4421   		3.25254  		1.71206  		2.42319  		3.0923   		1.0      
5.35242  		1.89796  		2.55437  		2.9855   		1.97052  		2.19773  		2.65014  		1.72912  		2.65721  		2.81525  		1.0      
13.6227  		3.72971  		4.58133  		5.17799  		4.27295  		5.05418  		6.02136  		4.33964  		5.16343  		5.91357  		1.0      
4.6802   		1.97363  		2.63004  		3.09004  		1.98912  		2.16881  		2.60404  		1.7871   		2.60995  		2.72359  		1.0      
11.9651  		3.28267  		4.13429  		4.66076  		4.14434  		4.88825  		5.85543  		4.07987  		4.91354  		5.62636  		1.0      
15.3735  		3.61798  		4.66918  		5.54091  		4.36061  		5.31666  		6.45932  		4.25905  		5.25105  		6.25188  		1.0      
5.80225  		1.95383  		1.96883  		1.91064  		3.01691  		3.45198  		4.15838  		3.43315  		3.39061  		3.19842  		1.0      
7.76546  		2.50458  		2.69768  		2.85476  		2.93643  		3.09641  		3.62516  		3.07691  		3.2842   		3.55769  		1.0      
8.42293  		2.4831   		2.88503  		3.40534  		1.52413  		2.08061  		2.64062  		1.35879  		1.88632  		2.59555  		1.0      
5.04548  		1.80329  		2.08381  		2.24089  		2.65094  		2.7504   		3.02201  		2.67537  		2.78006  		3.14097  		1.0      
10.1274  		2.39781  		2.79842  		3.18753  		3.2626   		4.19256  		5.12102  		3.40362  		3.54974  		4.12809  		1.0      
9.40693  		2.4847   		3.06285  		3.50457  		2.99595  		3.34412  		3.84038  		2.97107  		3.46143  		4.19779  		1.0      
4.63989  		1.3589   		1.67195  		2.05499  		0.90126  		1.32688  		1.82119  		0.656896 		1.22977  		1.69796  		1.0      
5.88516  		1.56545  		1.62008  		1.86849  		2.60993  		2.85987  		3.08164  		2.68261  		2.75362  		2.9964   		1.0      
10.0746  		1.71018  		2.23574  		2.85365  		3.15356  		4.08352  		5.01198  		3.19112  		3.30648  		4.05461  		1.0      
5.97674  		1.89989  		2.10762  		2.35603  		2.6714   		2.80833  		3.15841  		2.58277  		2.76626  		3.16213  		1.0      
7.14685  		2.13424  		2.62157  		2.82258  		3.27153  		4.00925  		4.73664  		3.46727  		3.69605  		4.02288  		1.0      
7.01629  		1.9002   		2.20664  		2.44608  		2.93406  		3.80582  		4.53321  		3.22894  		3.15387  		3.61474  		1.0      
12.8312  		2.93553  		3.67918  		4.5278   		3.81294  		4.8177   		5.74616  		3.72422  		4.50814  		5.2741   		1.0      
4.63989  		1.3589   		1.67195  		2.05499  		0.90126  		1.32688  		1.82119  		0.656896 		1.22977  		1.69796  		1.0      
5.99093  		1.31909  		1.4394   		1.68781  		2.4303   		2.68023  		2.902    		2.50354  		2.46135  		2.7698   		1.0      
10.0746  		1.71018  		2.23574  		2.85365  		3.15356  		4.08352  		5.01198  		3.19112  		3.30648  		4.05461  		1.0      
5.97674  		1.89989  		2.10762  		2.35603  		2.6714   		2.80833  		3.15841  		2.58277  		2.76626  		3.16213  		1.0      
6.27748  		1.56457  		1.871    		2.11045  		2.82158  		3.69333  		4.42072  		3.14574  		2.95818  		3.41905  		1.0      
5.04352  		1.51963  		1.60789  		1.65678  		2.6267   		2.4798   		3.33584  		3.08081  		2.75483  		2.90109  		1.0      
8.22502  		2.37754  		2.80004  		3.06615  		2.84508  		3.10133  		3.41581  		2.60186  		3.01929  		3.40666  		1.0      
6.81209  		1.82869  		2.20781  		2.44584  		2.96408  		3.28396  		4.16098  		3.30355  		3.20439  		3.6498   		1.0      
5.69456  		1.5508   		1.83257  		1.9649   		2.65787  		2.74859  		3.62561  		3.08081  		2.78599  		3.20921  		1.0      
10.0218  		2.6646   		3.20067  		3.62066  		3.44837  		3.96845  		4.62886  		3.76854  		4.08829  		4.55522  		1.0      
6.50798  		2.09338  		2.30788  		2.48529  		2.77956  		2.91536  		3.79238  		3.3034   		3.0507   		3.519    		1.0      
7.83812  		1.9124   		2.07588  		2.41513  		2.84233  		3.41059  		4.26663  		3.30212  		3.20421  		3.45916  		1.0      
9.36391  		2.23907  		2.92064  		3.37994  		3.42244  		3.70148  		4.20302  		3.21385  		3.93598  		4.1511   		1.0      
5.21183  		1.81421  		2.01707  		2.57281  		0.339188 		1.12707  		1.4002   		0.526499 		0.804269 		1.43518  		1.0      
13.9417  		2.97795  		3.93432  		4.72147  		3.87378  		4.57535  		5.55232  		3.69981  		4.53441  		5.15831  		1.0      
14.6772  		3.54311  		4.41471  		5.13526  		4.15829  		5.08825  		6.06521  		3.91083  		4.79273  		5.57731  		1.0      
7.78862  		2.37631  		3.03364  		3.296    		3.37107  		3.64406  		3.82105  		2.91297  		3.69228  		4.00693  		1.0      
13.9109  		2.97795  		3.93432  		4.72147  		3.87378  		4.57535  		5.55232  		3.69981  		4.53441  		5.15831  		1.0      
8.85173  		2.35534  		2.71234  		3.20089  		3.07086  		3.94261  		4.81963  		3.45034  		3.44949  		4.04726  		1.0      
9.53518  		2.42901  		3.16695  		3.58274  		3.28447  		3.50298  		3.72928  		3.12838  		3.85051  		4.132    		1.0      
1.66756  		0.842693 		0.763589 		0.930818 		0.190809 		0.178431 		-0.0488819		0.373572 		0.437035 		0.367156 		1.0      
13.9427  		3.05436  		3.92596  		4.64651  		3.98234  		4.91229  		5.88926  		3.6187   		4.43941  		5.22399  		1.0      
9.67086  		2.64956  		3.38749  		3.84184  		3.40469  		3.59743  		3.82373  		3.26188  		4.0742   		4.34676  		1.0      
6.40463  		1.5382   		1.65253  		2.02073  		2.80852  		3.37814  		3.67089  		3.12044  		2.91476  		3.30193  		1.0      
6.23954  		1.68723  		1.85957  		2.20923  		2.87364  		3.34431  		3.84457  		3.13523  		2.95277  		3.241    		1.0      
8.45266  		1.73397  		2.20748  		2.7166   		3.04096  		3.73586  		4.61288  		3.19013  		3.17775  		3.76259  		1.0      
12.7883  		2.50365  		3.33464  		4.15007  		3.78733  		4.71729  		5.69426  		3.34657  		4.03529  		4.90327  		1.0      
9.18798  		2.01356  		2.48706  		3.03462  		3.08273  		3.95448  		4.8315   		3.20488  		3.26337  		4.02506  		1.0      
7.59254  		1.77648  		1.98128  		2.34214  		3.08171  		3.47396  		4.32999  		3.2708   		3.28067  		3.44855  		1.0      
5.87736  		1.71566  		2.10512  		2.23338  		2.82981  		2.81174  		2.97781  		2.69361  		2.93933  		3.02357  		1.0      
8.45266  		1.73397  		2.20748  		2.7166   		3.04096  		3.73586  		4.61288  		3.19013  		3.17775  		3.76259  		1.0      
3.8412   		1.05932  		1.19491  		1.37698  		0.881424 		1.40472  		1.42473  		0.776299 		1.08959  		1.43234  		1.0      
8.31482  		2.7129   		3.05598  		3.32209  		2.92563  		3.18188  		3.49636  		2.795    		3.20255  		3.5105   		1.0      
8.22502  		2.37754  		2.80004  		3.06615  		2.84508  		3.10133  		3.41581  		2.60186  		3.01929  		3.40666  		1.0      
6.75961  		1.82869  		2.20781  		2.44584  		2.96408  		3.28396  		4.16098  		3.30355  		3.20439  		3.6498   		1.0      
9.61722  		2.39669  		3.12179  		3.43699  		3.01095  		3.69094  		3.93831  		2.83294  		3.43996  		4.00577  		1.0      
5.66539  		1.57878  		1.69497  		1.88789  		2.9114   		2.90236  		3.24829  		2.96674  		2.88805  		2.93675  		1.0      
9.21998  		1.76152  		2.10153  		2.44462  		3.23713  		3.9387   		4.91567  		3.06383  		3.21121  		3.52524  		1.0      
6.07206  		2.1154   		2.31611  		2.33449  		2.91554  		3.02061  		3.52201  		2.87585  		3.04283  		3.2186   		1.0      
4.50207  		1.29054  		1.49125  		1.50964  		2.61789  		2.72297  		2.91738  		2.4874   		2.55106  		2.72683  		1.0      
9.97317  		1.88652  		2.38892  		2.73201  		3.19274  		3.89431  		4.87127  		3.01944  		3.16681  		3.64324  		1.0      
4.76622  		1.2621   		1.17145  		1.35595  		2.39795  		3.09702  		3.66298  		2.8574   		2.33119  		2.61693  		1.0      
7.65179  		1.93184  		2.07676  		2.3598   		2.74666  		3.61841  		4.49543  		3.18004  		2.84367  		3.37449  		1.0      
4.86621  		1.21012  		1.06147  		1.17453  		2.34597  		2.9156   		3.27405  		2.8574   		2.27922  		2.43552  		1.0      
5.74693  		1.82679  		2.00769  		2.18259  		2.96032  		3.10972  		3.30413  		2.76427  		3.15193  		3.27996  		1.0      
6.32399  		1.5382   		1.65253  		2.02073  		2.80852  		3.37814  		3.67089  		3.12044  		2.91476  		3.30193  		1.0      
5.68361  		1.24231  		1.35664  		1.72484  		2.68554  		3.25517  		3.54792  		2.89411  		2.64477  		3.03194  		1.0      
6.00965  		1.5426   		1.74721  		2.09688  		2.98261  		3.52748  		4.09229  		3.09143  		2.97753  		3.29803  		1.0      
7.47852  		1.69739  		1.9022   		2.26306  		3.08171  		3.47396  		4.32999  		3.19172  		3.20159  		3.36947  		1.0      
5.75689  		1.57348  		1.72087  		2.08907  		2.84894  		3.41857  		3.71132  		3.15573  		2.95004  		3.37028  		1.0      
2.10575  		1.48018  		1.27969  		1.29945  		0.655755 		0.937219 		0.983994 		0.852323 		0.559801 		0.751672 		1.0      
8.37164  		1.65489  		2.1284   		2.63752  		3.04096  		3.73586  		4.61288  		3.11105  		3.09866  		3.6835   		1.0      
8.99773  		1.67745  		2.15096  		2.69851  		2.96104  		3.83279  		4.70981  		3.10856  		3.12493  		3.88662  		1.0      
12.7883  		2.50365  		3.33464  		4.15007  		3.78733  		4.71729  		5.69426  		3.34657  		4.03529  		4.90327  		1.0      
5.23659  		1.8256   		2.15959  		2.1748   		2.8568   		2.80987  		2.97579  		2.58122  		2.96888  		3.07066  		1.0      
