origin_200 mse:52.36997340616824 ,acc=1.0
OOitr_30_100_3 : mse=1.466352498455088 ,acc=0.96875
	30 is chosen from 100 trees
OOitr_40_100_3 : mse=2.618416270307743 ,acc=0.9875
	40 is chosen from 100 trees
OOitr_50_100_3 : mse=4.3168414269446185 ,acc=1.0
	50 is chosen from 100 trees
OOitr_30_60_15 : mse=3.434026609876972 ,acc=0.99375
	30 is chosen from 60 trees
OOitr_40_60_15 : mse=5.535336928050184 ,acc=0.9875
	40 is chosen from 60 trees
OOitr_50_60_15 : mse=8.64369597554004 ,acc=0.9875
	50 is chosen from 60 trees
OOitr_30_80_20 : mse=3.8386251746496827 ,acc=0.9875
	30 is chosen from 80 trees
OOitr_40_80_20 : mse=5.114865258210438 ,acc=0.99375
	40 is chosen from 80 trees
OOitr_50_80_20 : mse=7.312268075952042 ,acc=0.99375
	50 is chosen from 80 trees

origin   		oo_15    		oo_20    		oo_25    		oo_15    		oo_20    		oo_25    		oo_15    		oo_20    		oo_25    		label
-2.76369 		-0.288888		-0.815488		-1.1333  		-0.923184		-1.20142 		-1.32746 		-1.2018  		-1.37932 		-1.89276 		0.0      
-6.66468 		-0.36057 		-0.83389 		-1.35566 		-1.09092 		-1.68474 		-2.05448 		-1.11431 		-1.35472 		-1.93548 		0.0      
-6.66468 		-0.36057 		-0.83389 		-1.35566 		-1.09092 		-1.68474 		-2.05448 		-1.11431 		-1.35472 		-1.93548 		0.0      
-4.63657 		0.488152 		0.228201 		-0.0706127		-0.513002		-1.00594 		-1.4434  		-0.793397		-0.548659		-0.900028		0.0      
-6.62242 		-0.36057 		-0.83389 		-1.35566 		-1.09092 		-1.68474 		-2.05448 		-1.11431 		-1.35472 		-1.93548 		0.0      
-6.33387 		-0.367912		-0.831083		-1.14374 		-0.927057		-1.50986 		-1.89951 		-1.54434 		-1.55184 		-2.06305 		0.0      
-7.01328 		-0.185414		-0.589199		-0.965629		-0.936818		-1.51962 		-1.96526 		-1.38642 		-1.43104 		-1.94225 		0.0      
-4.51075 		-0.684799		-0.993486		-1.20625 		-1.15041 		-1.27507 		-1.44551 		-1.05099 		-1.62668 		-1.74512 		0.0      
-3.54141 		-0.135991		-0.328779		-0.337383		-0.832831		-0.814032		-1.10534 		-0.877684		-1.21128 		-1.25953 		0.0      
-7.12741 		-1.08164 		-1.76028 		-2.1883  		-1.79041 		-2.4841  		-2.9276  		-1.98314 		-2.47901 		-2.97246 		0.0      
-8.06022 		-0.658739		-1.27799 		-1.76979 		-1.55977 		-2.25346 		-2.75295 		-1.76307 		-2.11781 		-2.61126 		0.0      
-3.87912 		-0.832104		-1.08605 		-1.27022 		-0.90758 		-1.14314 		-1.29608 		-0.950295		-1.36616 		-1.46683 		0.0      
-6.66271 		-0.649665		-1.13373 		-1.48978 		-1.3122  		-2.00589 		-2.44939 		-1.92099 		-1.92028 		-2.41373 		0.0      
-4.69833 		-0.681619		-1.02763 		-1.28378 		-1.12074 		-1.3563  		-1.64189 		-1.01283 		-1.66083 		-1.7615  		0.0      
-7.13642 		-0.678858		-1.11785 		-1.53767 		-1.50888 		-2.20257 		-2.64606 		-1.94239 		-1.99312 		-2.48657 		0.0      
-5.94887 		-0.551623		-0.934886		-1.23823 		-1.21321 		-1.63261 		-2.19035 		-1.29588 		-1.7808  		-2.19376 		0.0      
-1.97038 		-0.654027		-0.806506		-0.886553		-0.610637		-0.87895 		-1.23789 		-0.627894		-0.944197		-1.01444 		0.0      
-3.54784 		-0.455251		-0.533654		-0.613701		-0.658531		-0.926844		-1.41843 		-0.760817		-1.01937 		-1.08961 		0.0      
-3.54007 		-0.455251		-0.533654		-0.613701		-0.658531		-0.926844		-1.41843 		-0.760817		-1.01937 		-1.08961 		0.0      
-5.82834 		-0.227831		-0.563867		-0.86721 		-1.02186 		-1.44126 		-1.999   		-1.11166 		-1.42166 		-1.83462 		0.0      
-5.55182 		-0.439523		-0.789874		-1.09322 		-1.20878 		-1.62818 		-2.12993 		-1.29098 		-1.61529 		-2.02825 		0.0      
-5.17727 		-0.439523		-0.789874		-1.09322 		-1.20878 		-1.62818 		-2.12993 		-1.29098 		-1.61529 		-2.02825 		0.0      
-1.6454  		-0.108144		-0.437622		-0.635883		-0.795133		-0.990293		-1.02478 		-0.915677		-1.13264 		-1.45112 		0.0      
-5.64856 		-0.0844855		-0.254004		-0.574883		-1.17831 		-1.69042 		-2.21585 		-1.29082 		-1.37194 		-1.8546  		0.0      
-3.19829 		0.253318 		-0.174628		-0.612437		-0.248973		-0.563765		-1.03907 		-0.0175702		-0.275001		-0.704543		0.0      
-6.14091 		-1.15875 		-1.462   		-1.86031 		-1.88219 		-2.32778 		-2.8093  		-1.77904 		-2.1702  		-2.56502 		0.0      
-7.83789 		-1.15972 		-1.66965 		-2.13908 		-1.52443 		-1.96766 		-2.58841 		-1.4691  		-2.13677 		-2.57311 		0.0      
-4.47867 		-0.50503 		-0.707333		-0.927796		-0.970778		-1.20325 		-1.74529 		-1.3152  		-1.58302 		-1.67366 		0.0      
-4.38972 		-0.668274		-0.943375		-1.02342 		-0.762745		-1.03106 		-1.52264 		-0.93129 		-1.24501 		-1.31525 		0.0      
-5.82834 		-0.227831		-0.563867		-0.86721 		-1.02186 		-1.44126 		-1.999   		-1.11166 		-1.42166 		-1.83462 		0.0      
-1.96261 		-0.654027		-0.806506		-0.886553		-0.610637		-0.87895 		-1.23789 		-0.627894		-0.944197		-1.01444 		0.0      
-3.54007 		-0.455251		-0.533654		-0.613701		-0.658531		-0.926844		-1.41843 		-0.760817		-1.01937 		-1.08961 		0.0      
-5.82834 		-0.227831		-0.563867		-0.86721 		-1.02186 		-1.44126 		-1.999   		-1.11166 		-1.42166 		-1.83462 		0.0      
-1.8269  		0.0242612		-0.352585		-0.678183		-0.910171		-0.925559		-0.936956		-0.783919		-0.883797		-1.25591 		0.0      
-6.73449 		-1.18479 		-1.75473 		-2.20044 		-1.80635 		-2.23536 		-2.66304 		-1.79004 		-2.30949 		-2.83363 		0.0      
-7.78801 		-1.34733 		-1.91434 		-2.36255 		-1.68699 		-2.01934 		-2.52493 		-1.57179 		-2.32436 		-2.79569 		0.0      
-2.9432  		0.313154 		-0.209108		-0.646917		-0.189136		-0.598245		-1.01023 		-0.00313208		-0.215164		-0.739023		0.0      
-2.36595 		0.574685 		0.308019 		-0.074684		-0.444206		-0.660435		-0.733152		-0.424242		-0.417363		-0.717214		0.0      
-3.18808 		-0.0682187		-0.590481		-1.02829 		-0.405636		-0.814745		-1.29005 		-0.190133		-0.530478		-1.05434 		0.0      
13.2839  		3.43567  		4.18137  		5.02841  		4.00989  		4.98934  		5.98795  		3.93667  		4.61514  		5.40148  		1.0      
4.92183  		1.37303  		1.96032  		2.67266  		1.54208  		2.11773  		2.84299  		1.2248   		1.53973  		2.29889  		1.0      
17.1414  		4.26099  		5.24244  		6.34565  		4.30826  		5.48143  		6.60785  		4.52094  		5.49887  		6.46086  		1.0      
13.1209  		3.41422  		4.07276  		4.71476  		4.08756  		4.65957  		5.75703  		4.07044  		4.74892  		5.31455  		1.0      
15.0547  		3.45703  		4.33316  		5.29288  		4.14876  		5.01415  		6.14057  		4.21808  		5.04184  		6.00383  		1.0      
4.81074  		2.22722  		2.87294  		3.56677  		2.07571  		2.60283  		3.09881  		1.70516  		2.34242  		3.10158  		1.0      
5.11387  		1.6237   		2.18841  		2.90855  		1.9032   		2.47522  		3.14571  		1.3686   		1.78689  		2.4957   		1.0      
11.3976  		3.39287  		4.11683  		4.96387  		4.00534  		4.98479  		5.9834   		3.84346  		4.66219  		5.44852  		1.0      
5.29197  		0.820613 		1.13119  		1.77318  		1.469    		2.04101  		2.83075  		1.11732  		1.19388  		1.7595   		1.0      
11.0359  		3.44     		4.07681  		4.71881  		4.08301  		4.65502  		5.75248  		3.97723  		4.79596  		5.36159  		1.0      
3.91443  		1.01939  		1.40404  		2.04604  		1.42111  		1.99312  		2.79538  		0.984401 		1.1187   		1.68433  		1.0      
11.2884  		2.8563   		3.65329  		4.61302  		2.97852  		3.84391  		4.76463  		2.86382  		3.64218  		4.60417  		1.0      
10.6239  		2.91013  		3.59517  		4.52035  		3.84354  		4.82299  		5.75933  		3.88089  		4.26205  		5.19157  		1.0      
4.86411  		2.1548   		2.80918  		3.503    		1.99433  		2.52146  		3.01743  		1.7472   		2.26104  		3.0202   		1.0      
14.7181  		3.61238  		4.45702  		5.36722  		4.0088   		5.01806  		6.01241  		4.17084  		4.89826  		5.76495  		1.0      
11.4454  		2.81499  		3.55744  		4.26902  		3.20107  		4.21033  		5.14242  		3.84106  		4.12924  		4.68407  		1.0      
13.7273  		2.9248   		3.60553  		4.51573  		3.80056  		4.80982  		5.80417  		3.78337  		4.35567  		5.22237  		1.0      
4.88328  		1.64488  		1.98821  		2.42154  		1.3743   		1.79048  		2.37908  		1.74357  		1.83286  		2.24262  		1.0      
7.01326  		1.5003   		1.62516  		2.25058  		1.60415  		2.22118  		2.94774  		1.60706  		1.73625  		2.31703  		1.0      
8.05159  		2.13482  		2.70831  		3.42957  		1.50149  		2.04272  		2.73765  		1.05173  		1.83732  		2.58415  		1.0      
9.15388  		2.52573  		3.0796   		3.85167  		2.28602  		2.91561  		3.62336  		1.96574  		2.79105  		3.66253  		1.0      
11.7572  		2.60148  		3.30954  		4.29424  		3.52665  		4.5359   		5.24346  		3.63015  		4.11485  		5.12536  		1.0      
5.0499   		1.73962  		2.01013  		2.56298  		1.52408  		1.93642  		2.37116  		1.69777  		1.94848  		2.46195  		1.0      
15.0438  		3.47211  		4.37842  		5.3967   		4.25093  		5.30459  		6.29895  		4.1577   		4.89392  		5.94884  		1.0      
12.0242  		2.74702  		3.43097  		4.31208  		3.6303   		4.63955  		5.57164  		3.79332  		4.05836  		4.96528  		1.0      
11.7303  		2.60148  		3.30954  		4.29424  		3.52665  		4.5359   		5.24346  		3.63015  		4.11485  		5.12536  		1.0      
4.21786  		0.910924 		1.18715  		1.9084   		1.09386  		1.63509  		2.26671  		0.72119  		0.876433 		1.62326  		1.0      
4.53247  		1.73962  		2.01013  		2.56298  		1.52408  		1.93642  		2.37116  		1.69777  		1.94848  		2.46195  		1.0      
13.4131  		3.59484  		4.35674  		5.078    		4.17617  		4.7174   		5.64834  		4.05485  		4.96638  		5.71321  		1.0      
2.70824  		1.69698  		1.81413  		2.05362  		0.277532 		0.618994 		0.767379 		-0.177372		0.472509 		0.52045  		1.0      
8.93653  		2.25838  		2.36062  		2.36592  		2.50066  		2.67291  		2.80316  		3.01307  		3.18721  		3.09727  		1.0      
13.0669  		2.90387  		3.51196  		4.24427  		3.78208  		4.48397  		5.49315  		3.75585  		4.28064  		5.0038   		1.0      
0.874773 		0.977919 		0.82538  		0.696961 		0.0711592		-0.0721752		-0.344992		0.135408 		0.141963 		0.049669 		1.0      
9.34944  		2.26443  		2.6427   		2.94623  		2.88298  		3.0499   		3.24289  		3.09738  		3.35545  		3.77374  		1.0      
5.34579  		1.68035  		1.83435  		1.89797  		2.80275  		3.05581  		3.85232  		3.32882  		3.17431  		2.84068  		1.0      
10.8834  		2.63045  		3.16669  		3.89901  		3.58377  		4.28566  		4.93421  		3.52782  		3.93538  		4.65854  		1.0      
5.41645  		1.64733  		1.9922   		2.76142  		2.09156  		2.82888  		3.39968  		1.74118  		1.9728   		2.8069   		1.0      
11.8341  		2.95188  		3.50301  		4.33849  		4.00241  		4.87085  		5.99338  		3.80788  		4.28407  		5.18305  		1.0      
11.656   		2.77303  		3.68916  		4.7079   		2.84943  		3.88133  		4.86147  		2.35888  		3.24003  		4.37023  		1.0      
11.4431  		3.0093   		4.00527  		5.02401  		2.76953  		3.80143  		4.71826  		2.44722  		3.41066  		4.54086  		1.0      
9.71724  		2.39817  		3.0271   		3.86774  		3.39429  		4.39002  		4.9557   		3.5451   		3.8612   		4.85091  		1.0      
3.75168  		0.433515 		0.687186 		1.45888  		0.958994 		1.82744  		2.64224  		0.685034 		0.559566 		1.45854  		1.0      
11.0548  		2.50337  		3.0049   		3.68343  		3.63253  		4.5295   		5.31542  		3.68075  		3.91711  		4.57813  		1.0      
6.37799  		1.42686  		1.68218  		1.93012  		2.36332  		3.0769   		3.56366  		3.18345  		2.79118  		2.98948  		1.0      
9.64836  		2.30331  		2.78973  		3.18743  		3.33965  		3.6539   		4.09299  		3.33226  		3.56861  		4.22964  		1.0      
4.2491   		1.35448  		1.61643  		2.01412  		1.13211  		1.44636  		1.75265  		0.895293 		1.13165  		1.79267  		1.0      
7.73703  		1.91446  		1.99801  		2.22292  		2.89101  		3.21869  		3.98894  		3.38218  		3.21988  		3.21379  		1.0      
7.07136  		1.49616  		1.69448  		2.01693  		2.50713  		3.22072  		3.70747  		3.18345  		2.73417  		3.07629  		1.0      
9.48055  		2.33714  		2.72206  		3.17885  		3.29153  		3.69897  		3.97331  		3.08311  		3.44798  		4.01932  		1.0      
6.55121  		2.04953  		2.25656  		2.48263  		3.22596  		3.74142  		4.51167  		3.47329  		3.42866  		3.57266  		1.0      
6.08249  		1.54076  		1.70822  		1.9669   		2.51693  		3.23051  		3.71727  		3.19511  		2.86269  		3.20481  		1.0      
11.338   		2.54281  		3.07901  		3.84773  		3.74862  		4.6456   		5.37019  		3.79858  		4.04863  		4.79985  		1.0      
5.71918  		1.42021  		1.47712  		1.61565  		2.32732  		2.84278  		3.61302  		3.17976  		2.91148  		2.79357  		1.0      
10.5223  		2.74646  		3.17457  		3.58796  		3.38891  		3.68546  		3.90595  		3.43627  		3.89225  		4.48136  		1.0      
9.46198  		2.21497  		2.64308  		3.05647  		3.17359  		3.47014  		3.69064  		3.05395  		3.42641  		4.01552  		1.0      
3.29093  		1.26614  		1.46977  		1.88317  		0.96605  		1.2626   		1.12246  		0.616992 		0.989444 		1.57856  		1.0      
6.10973  		1.89336  		2.05085  		2.29514  		3.12247  		3.63793  		4.40818  		3.42418  		3.29077  		3.52496  		1.0      
6.25183  		2.33507  		2.58112  		2.39695  		2.87267  		2.63711  		2.8448   		3.00581  		3.42845  		3.32778  		1.0      
5.46801  		2.1435   		2.19498  		1.93883  		2.63486  		2.3993   		2.60699  		3.00581  		3.11013  		3.00946  		1.0      
9.47959  		2.22393  		2.66069  		3.07408  		3.17359  		3.47014  		3.69064  		3.05395  		3.42641  		4.01552  		1.0      
5.70942  		1.93181  		1.96897  		1.71282  		2.44794  		2.21238  		2.42007  		2.82649  		2.91649  		2.81582  		1.0      
5.71918  		1.42021  		1.47712  		1.61565  		2.32732  		2.84278  		3.61302  		3.17976  		2.91148  		2.79357  		1.0      
8.55055  		2.75213  		3.01992  		2.89952  		3.26118  		3.02562  		3.23332  		3.3029   		3.76537  		3.6647   		1.0      
5.87395  		1.43241  		1.32956  		1.13718  		2.43437  		2.19882  		2.40651  		2.71821  		2.56095  		2.46028  		1.0      
7.83525  		2.10512  		2.33369  		2.6488   		3.15833  		3.48601  		4.25626  		3.56318  		3.61299  		3.69708  		1.0      
5.46801  		2.1435   		2.19498  		1.93883  		2.63486  		2.3993   		2.60699  		3.00581  		3.11013  		3.00946  		1.0      
9.46198  		2.21497  		2.64308  		3.05647  		3.17359  		3.47014  		3.69064  		3.05395  		3.42641  		4.01552  		1.0      
6.01365  		2.12338  		2.35512  		2.17094  		2.68575  		2.45019  		2.65789  		2.82649  		3.23481  		3.13414  		1.0      
12.9887  		3.24086  		3.89878  		4.74201  		4.05104  		4.94802  		5.86673  		3.96819  		4.6449   		5.53992  		1.0      
6.87261  		2.08493  		2.43699  		2.75326  		3.36028  		3.87574  		4.64599  		3.42418  		3.6091   		3.84328  		1.0      
1.5828   		0.562047 		0.487354 		0.407306 		-0.00666769		-0.228171		-0.277468		-0.241194		-0.0335128		-0.056945		1.0      
5.97032  		1.87933  		2.10247  		2.24322  		2.82457  		2.72303  		2.98411  		2.64398  		2.95613  		3.15412  		1.0      
12.352   		2.82893  		3.54658  		4.14297  		3.71644  		4.40565  		5.31969  		3.73052  		4.39385  		4.96441  		1.0      
7.18235  		2.1186   		2.43931  		2.70539  		2.58633  		3.24846  		3.97628  		3.53612  		3.30745  		3.38836  		1.0      
8.30509  		2.55249  		2.96668  		3.10743  		3.03572  		2.88737  		3.00532  		3.11198  		3.63281  		3.78399  		1.0      
5.55124  		1.63103  		1.75704  		1.89779  		2.72517  		2.57682  		2.69477  		2.55388  		2.8413   		2.99248  		1.0      
10.1179  		2.79088  		3.44953  		4.09345  		3.47489  		4.27695  		5.19099  		3.75846  		4.41955  		4.99973  		1.0      
3.08529  		1.22393  		1.40863  		1.4484   		1.0608   		1.01148  		0.754562 		0.752142 		1.11983  		1.25918  		1.0      
6.03596  		2.07567  		2.3417   		2.48244  		2.68397  		2.53562  		2.65357  		2.60741  		3.14208  		3.29326  		1.0      
10.1257  		2.79088  		3.44953  		4.09345  		3.47489  		4.27695  		5.19099  		3.75846  		4.41955  		4.99973  		1.0      
9.66559  		2.29334  		2.63804  		3.05718  		3.09249  		3.83615  		4.67386  		3.7274   		3.6038   		3.86793  		1.0      
11.8834  		2.56072  		3.14387  		3.93902  		3.61751  		4.55606  		5.52657  		3.59086  		4.11443  		4.89078  		1.0      
13.1684  		3.94136  		4.74011  		5.49783  		4.02197  		4.86547  		5.28171  		4.0566   		4.88714  		5.73799  		1.0      
9.57416  		2.15248  		2.57827  		2.92742  		2.84533  		3.51121  		4.41946  		3.60823  		3.37596  		3.66503  		1.0      
10.1839  		2.88459  		3.35585  		3.73453  		3.343    		3.97169  		4.64288  		3.94049  		4.0981   		4.39108  		1.0      
9.40144  		2.27595  		2.71725  		3.20998  		3.10334  		3.90196  		4.81021  		3.68776  		3.60664  		4.02845  		1.0      
7.78498  		2.82565  		3.35748  		3.5446   		3.41748  		3.3053   		3.40085  		3.2637   		4.14082  		4.35117  		1.0      
7.68179  		2.10439  		2.36501  		2.49538  		3.05631  		3.26108  		3.55166  		3.03911  		3.52852  		3.68585  		1.0      
10.7017  		2.02017  		2.51193  		3.32366  		3.60339  		4.54193  		5.51244  		3.26097  		3.72086  		4.61022  		1.0      
5.81831  		1.11727  		1.11127  		1.50697  		2.5265   		3.28793  		3.8978   		2.90933  		2.64852  		3.04344  		1.0      
5.81463  		1.63306  		1.82244  		1.80065  		2.74601  		2.65139  		2.70589  		2.80366  		2.99551  		3.06041  		1.0      
5.27251  		1.09665  		1.14222  		1.46342  		2.32514  		3.08657  		3.5638   		2.96575  		2.48698  		2.73809  		1.0      
10.823   		2.31769  		2.73688  		3.40503  		3.64076  		4.35903  		5.32954  		3.47316  		3.93175  		4.60084  		1.0      
10.4819  		2.31513  		2.73431  		3.40246  		3.63819  		4.35646  		5.32697  		3.51599  		3.92918  		4.59827  		1.0      
11.1867  		2.77837  		3.41231  		4.22403  		3.91079  		4.84934  		5.81985  		3.65895  		4.41421  		5.30357  		1.0      
5.53246  		1.88462  		2.15071  		2.0973   		2.8317   		2.60863  		2.65033  		2.75449  		3.27409  		3.33221  		1.0      
11.1867  		2.77837  		3.41231  		4.22403  		3.91079  		4.84934  		5.81985  		3.65895  		4.41421  		5.30357  		1.0      
5.0738   		1.88462  		2.15071  		2.0973   		2.8317   		2.60863  		2.65033  		2.75449  		3.27409  		3.33221  		1.0      
4.89493  		1.7012   		1.93838  		2.27189  		2.6683   		3.3804   		4.10821  		3.20674  		2.93129  		3.16539  		1.0      
6.02759  		1.53961  		1.83739  		2.26051  		2.51641  		3.24156  		3.71523  		3.2131   		3.08097  		3.43972  		1.0      
3.00583  		1.36757  		1.67995  		1.71971  		1.03956  		1.03809  		0.781171 		0.746801 		1.19741  		1.3846   		1.0      
3.00705  		1.13498  		1.36753  		1.4073   		0.971847 		0.970375 		0.713459 		0.66319  		1.03088  		1.21808  		1.0      
6.39385  		1.82018  		1.85284  		1.87466  		2.80151  		3.00628  		3.29686  		2.78953  		3.06709  		3.18943  		1.0      
10.7866  		2.51388  		2.83124  		3.41297  		3.52573  		4.46427  		5.43479  		3.51664  		3.782    		4.51493  		1.0      
3.82103  		1.43263  		1.32225  		1.22144  		2.64969  		2.53751  		2.63305  		2.57332  		2.78024  		2.80336  		1.0      
4.30946  		1.90415  		1.94809  		1.84729  		2.85587  		2.74369  		2.83923  		2.68422  		3.08985  		3.11296  		1.0      
4.28853  		1.90415  		1.94809  		1.84729  		2.85587  		2.74369  		2.83923  		2.68422  		3.08985  		3.11296  		1.0      
4.96555  		1.18574  		1.05298  		0.983792 		2.4266   		2.34855  		2.4569   		2.38151  		2.36215  		2.29774  		1.0      
4.10089  		1.69246  		1.72209  		1.62128  		2.66895  		2.55677  		2.65232  		2.50491  		2.89621  		2.91933  		1.0      
8.076    		1.49004  		1.78339  		2.15223  		2.44994  		3.24855  		4.1568   		3.31097  		3.17488  		3.31738  		1.0      
8.81672  		1.9632   		2.35712  		2.89549  		3.24509  		4.04371  		4.95196  		3.55539  		3.55417  		4.04877  		1.0      
5.5191   		1.54411  		1.63917  		1.61738  		2.65706  		2.46812  		2.52263  		2.7147   		2.90656  		2.87714  		1.0      
5.53246  		1.88462  		2.15071  		2.0973   		2.8317   		2.60863  		2.65033  		2.75449  		3.27409  		3.33221  		1.0      
6.50741  		1.88593  		1.81795  		2.07008  		2.92877  		3.37561  		3.98549  		3.20976  		3.17367  		3.254    		1.0      
8.81672  		1.9632   		2.35712  		2.89549  		3.24509  		4.04371  		4.95196  		3.55539  		3.55417  		4.04877  		1.0      
5.5191   		1.54411  		1.63917  		1.61738  		2.65706  		2.46812  		2.52263  		2.7147   		2.90656  		2.87714  		1.0      
10.5578  		2.22874  		2.55361  		3.22176  		3.55181  		4.17576  		5.14627  		3.38421  		3.8428   		4.41757  		1.0      
12.3272  		2.82553  		3.4812   		4.29292  		3.9294   		4.86795  		5.83846  		3.76622  		4.38122  		5.27059  		1.0      
5.81831  		1.11727  		1.11127  		1.50697  		2.5265   		3.28793  		3.8978   		2.90933  		2.64852  		3.04344  		1.0      
5.82308  		1.31605  		1.38412  		1.77982  		2.58425  		3.34568  		3.82291  		2.97741  		2.77435  		3.16927  		1.0      
5.5191   		1.54411  		1.63917  		1.61738  		2.65706  		2.46812  		2.52263  		2.7147   		2.90656  		2.87714  		1.0      
