origin_200 mse:56.868230421092775 ,acc=1.0
OOitr_30_100_3 : mse=1.7350458961296469 ,acc=0.9625
	30 is chosen from 100 trees
OOitr_40_100_3 : mse=3.2422794687985492 ,acc=0.99375
	40 is chosen from 100 trees
OOitr_50_100_3 : mse=5.218271385899381 ,acc=0.9875
	50 is chosen from 100 trees
OOitr_30_60_15 : mse=3.9839090144207345 ,acc=0.975
	30 is chosen from 60 trees
OOitr_40_60_15 : mse=6.284170081920793 ,acc=0.9875
	40 is chosen from 60 trees
OOitr_50_60_15 : mse=9.59845042246744 ,acc=0.9875
	50 is chosen from 60 trees
OOitr_30_80_20 : mse=3.8665401200291223 ,acc=0.975
	30 is chosen from 80 trees
OOitr_40_80_20 : mse=5.662470939680108 ,acc=0.9875
	40 is chosen from 80 trees
OOitr_50_80_20 : mse=8.13305095103673 ,acc=0.9875
	50 is chosen from 80 trees

origin   		oo_15    		oo_20    		oo_25    		oo_15    		oo_20    		oo_25    		oo_15    		oo_20    		oo_25    		label
-5.97966 		-0.308147		-0.70264 		-1.00199 		-1.22824 		-1.59186 		-2.13186 		-1.30172 		-1.53414 		-1.81287 		0.0      
-5.66561 		-0.583183		-0.905651		-1.1521  		-1.28083 		-1.49728 		-1.9923  		-1.27903 		-1.66738 		-1.82118 		0.0      
-3.2618  		-0.477523		-0.819437		-1.13224 		-0.541875		-0.946134		-1.12466 		-0.396103		-0.760839		-1.108   		0.0      
-3.95361 		-0.0684801		-0.510533		-0.779832		-1.12931 		-1.49981 		-1.80027 		-1.26103 		-1.44644 		-1.69741 		0.0      
-3.95768 		0.0822403		-0.312252		-0.611604		-1.22749 		-1.59112 		-2.08613 		-1.07426 		-1.38911 		-1.66784 		0.0      
-4.60462 		-0.3797  		-0.821752		-1.09105 		-1.09544 		-1.46595 		-1.76641 		-1.29093 		-1.55282 		-1.80379 		0.0      
-5.22778 		-0.667814		-1.1045  		-1.4173  		-0.884613		-1.28887 		-1.47312 		-0.901591		-1.37378 		-1.81571 		0.0      
-7.70674 		-0.638086		-1.07187 		-1.54073 		-1.28723 		-1.77244 		-2.4231  		-1.38558 		-1.77043 		-2.11276 		0.0      
-5.40769 		-0.321799		-0.65177 		-1.09386 		-1.07943 		-1.6701  		-2.16281 		-1.21922 		-1.46011 		-1.91146 		0.0      
-7.24526 		-0.525898		-0.959683		-1.42855 		-1.29804 		-1.78325 		-2.39892 		-1.41519 		-1.80004 		-2.14237 		0.0      
-5.53313 		-0.283282		-0.681476		-1.13312 		-1.70237 		-2.33475 		-2.98541 		-1.60307 		-1.88209 		-2.34934 		0.0      
-2.59482 		-0.442426		-0.726903		-1.07465 		-0.749278		-1.17322 		-1.26421 		-0.806449		-0.871511		-1.23016 		0.0      
-5.14965 		-0.617963		-1.00311 		-1.42654 		-1.08524 		-1.50918 		-1.91195 		-1.40463 		-1.57037 		-1.92902 		0.0      
-7.35192 		-0.83533 		-1.1615  		-1.56025 		-1.76652 		-2.25172 		-2.8674  		-1.89378 		-2.18878 		-2.53111 		0.0      
-7.35192 		-0.83533 		-1.1615  		-1.56025 		-1.76652 		-2.25172 		-2.8674  		-1.89378 		-2.18878 		-2.53111 		0.0      
-7.3704  		-0.947517		-1.27369 		-1.67243 		-1.75571 		-2.24091 		-2.89157 		-1.86417 		-2.15917 		-2.5015  		0.0      
-8.24459 		-1.12305 		-1.5499  		-2.02433 		-1.85638 		-2.34158 		-2.99224 		-2.03971 		-2.43538 		-2.77771 		0.0      
-2.81366 		0.0216582		-0.463895		-0.35759 		-0.721167		-0.727782		-0.995724		-0.978639		-1.16466 		-1.13565 		0.0      
-3.15637 		-0.595893		-0.763158		-1.15817 		-0.558959		-0.928964		-0.998949		-0.586833		-0.661548		-1.1079  		0.0      
-5.87924 		-0.405301		-0.956043		-1.33888 		-1.26252 		-1.66508 		-2.18428 		-1.28915 		-1.5704  		-1.90432 		0.0      
-1.95462 		-0.341437		-0.508702		-0.903715		-0.533388		-0.903393		-0.973379		-0.513792		-0.588507		-1.03486 		0.0      
-5.65721 		-0.195547		-0.63352 		-0.972489		-1.26712 		-1.93534 		-2.65707 		-1.3516  		-1.45735 		-1.89168 		0.0      
-3.55796 		-0.192799		-0.263093		-0.681618		-0.95697 		-1.50906 		-2.01788 		-0.839806		-1.00537 		-1.52083 		0.0      
-4.20588 		-0.447255		-0.517549		-0.936074		-0.982541		-1.53463 		-2.04346 		-0.912847		-1.07841 		-1.59387 		0.0      
-3.82089 		-0.324539		-0.772754		-1.11952 		-1.44472 		-2.05649 		-2.65919 		-1.32281 		-1.58374 		-2.09935 		0.0      
-5.18729 		-0.383176		-0.749124		-1.03519 		-1.31972 		-1.84076 		-2.59747 		-1.29902 		-1.50319 		-1.81259 		0.0      
-6.92608 		-0.875312		-1.49783 		-1.97065 		-2.13339 		-2.74516 		-3.34785 		-2.25658 		-2.62863 		-3.18896 		0.0      
-7.83065 		-1.36021 		-1.80638 		-2.19344 		-1.58075 		-1.90535 		-2.41417 		-1.62503 		-2.25532 		-2.54831 		0.0      
-3.27691 		-0.508391		-1.03683 		-1.22106 		-0.793066		-1.20021 		-1.55711 		-0.940538		-1.16239 		-1.39803 		0.0      
-3.26074 		-0.304238		-0.314681		-0.515534		-0.620825		-0.79618 		-1.08886 		-0.688019		-0.864766		-1.06143 		0.0      
-4.68203 		-0.45879 		-1.02623 		-1.37485 		-0.959993		-1.44882 		-1.8718  		-0.855629		-1.23901 		-1.60937 		0.0      
-4.78126 		-0.494813		-1.08122 		-1.34654 		-1.25067 		-1.67394 		-2.21444 		-1.39496 		-1.68638 		-1.99668 		0.0      
-6.90921 		-0.829836		-1.3002  		-1.66186 		-1.35751 		-1.70659 		-2.12193 		-1.20054 		-1.88057 		-2.08536 		0.0      
-5.52797 		-1.05595 		-1.64045 		-2.07234 		-1.69803 		-2.23927 		-2.80698 		-1.66532 		-2.17908 		-2.62417 		0.0      
-2.44058 		0.215446 		-0.132158		0.0536854		-0.612702		-0.439947		-0.439381		-0.459936		-0.922662		-0.739287		0.0      
-3.48529 		0.0006394		-0.44553 		-0.758737		-0.874973		-1.19957 		-1.40278 		-0.577668		-1.04039 		-1.25953 		0.0      
-3.25516 		0.0237354		-0.345574		-0.537075		-0.43419 		-0.450618		-0.673051		-0.227545		-0.694049		-0.876105		0.0      
-2.55379 		0.439251 		0.0113608		0.043393 		0.130051 		0.214533 		0.320584 		0.364463 		-0.0982625		-0.175487		0.0      
-3.55085 		-0.0849261		-0.444704		-0.636204		-0.457643		-0.464538		-0.686971		-0.289382		-0.755887		-0.92841 		0.0      
11.9799  		2.93063  		3.61712  		4.49755  		3.21508  		3.80237  		4.53051  		2.919    		3.92835  		4.7063   		1.0      
12.4066  		3.09121  		3.6863   		4.16153  		4.00879  		4.63431  		5.4353   		3.76307  		4.5048   		5.09301  		1.0      
4.95714  		1.38001  		1.78935  		1.96991  		1.83782  		2.06048  		2.51701  		1.3095   		1.85791  		2.09012  		1.0      
5.54427  		1.9304   		2.08375  		2.43735  		1.89718  		2.00054  		2.48591  		1.76103  		2.11596  		2.26733  		1.0      
11.5301  		3.18769  		3.75893  		4.39056  		4.22114  		4.94521  		5.7462   		4.01044  		4.71887  		5.46135  		1.0      
11.3316  		2.86026  		3.70535  		4.43544  		4.00274  		4.83895  		5.76396  		3.91803  		4.57736  		5.39678  		1.0      
11.8092  		3.00672  		3.76133  		4.6034   		3.34022  		3.93126  		4.6353   		2.95515  		3.97161  		4.70347  		1.0      
15.4735  		3.64468  		4.61878  		5.65269  		4.40404  		5.31809  		6.31513  		4.19309  		5.20956  		6.14942  		1.0      
11.3316  		2.86026  		3.70535  		4.43544  		4.00274  		4.83895  		5.76396  		3.91803  		4.57736  		5.39678  		1.0      
5.12168  		1.70977  		1.86312  		2.21672  		1.93104  		2.0344   		2.51977  		1.76103  		2.10017  		2.25154  		1.0      
15.4472  		3.58929  		4.4957   		5.54487  		4.41722  		5.27908  		6.24252  		4.18718  		5.20364  		6.13398  		1.0      
10.0565  		2.5874   		3.12549  		3.40419  		3.55897  		3.74311  		4.52861  		3.68597  		4.26726  		4.54223  		1.0      
15.5117  		3.92536  		4.92476  		5.85442  		4.33906  		5.30202  		6.29708  		4.32952  		5.25872  		6.23048  		1.0      
12.3031  		2.92373  		3.80207  		4.30378  		4.06087  		4.43979  		5.0904   		3.89963  		4.70454  		5.2459   		1.0      
5.61224  		1.64072  		1.76281  		2.05672  		1.89431  		1.90682  		2.21895  		1.61637  		2.2801   		2.65082  		1.0      
3.50555  		1.26766  		1.78439  		1.80957  		0.980676 		0.965863 		1.35685  		0.450165 		1.14421  		1.16621  		1.0      
12.6875  		3.29855  		4.2621   		4.90814  		4.0946   		4.86392  		5.59936  		3.82478  		4.83945  		5.58325  		1.0      
9.15541  		2.48978  		3.03219  		3.69891  		2.25689  		2.73562  		3.15186  		1.6961   		2.66813  		3.41322  		1.0      
10.96    		2.75019  		3.31748  		3.83113  		3.67288  		4.35014  		5.26957  		3.80909  		4.10004  		4.54072  		1.0      
7.88335  		2.2732   		2.39541  		2.61401  		2.71345  		2.91193  		3.13919  		3.02524  		3.0663   		3.32867  		1.0      
11.6969  		2.89437  		3.52779  		4.21018  		3.50507  		4.39112  		5.31055  		3.64128  		3.93223  		4.53484  		1.0      
9.38328  		2.07449  		2.61314  		3.29553  		3.28543  		4.17147  		5.09091  		3.19309  		3.44562  		3.95346  		1.0      
3.92293  		1.46888  		1.59924  		2.10604  		0.82873  		1.09808  		1.18896  		0.651726 		1.00164  		1.52786  		1.0      
12.3137  		2.83919  		3.65047  		4.59046  		3.80266  		4.63879  		5.55822  		3.50596  		4.31924  		5.05347  		1.0      
9.88189  		2.44996  		3.08338  		3.76577  		3.52546  		4.41151  		5.33094  		3.54905  		3.92547  		4.52808  		1.0      
3.92127  		1.63287  		1.69512  		2.37624  		1.2304   		1.59113  		1.7831   		1.154    		1.50392  		2.07622  		1.0      
8.21102  		2.39632  		2.56218  		2.93058  		2.63702  		2.95761  		3.18487  		2.8535   		2.89455  		3.24173  		1.0      
5.64002  		1.45394  		1.76373  		2.11226  		2.84736  		3.51207  		4.25902  		3.20522  		2.95932  		3.16907  		1.0      
6.16381  		1.86628  		2.04343  		2.3515   		2.54378  		2.92366  		3.08387  		2.65852  		2.78504  		3.1597   		1.0      
5.03628  		1.67599  		1.75837  		2.06644  		2.43633  		2.81621  		2.97642  		2.57568  		2.59475  		2.87463  		1.0      
9.35541  		2.3893   		2.883    		3.5969   		2.89189  		3.43206  		3.77099  		2.71483  		3.27823  		4.00292  		1.0      
5.40216  		1.78818  		1.87056  		2.17863  		2.42552  		2.8054   		2.96561  		2.54607  		2.56514  		2.84502  		1.0      
13.8297  		3.73497  		4.53615  		5.17535  		4.33378  		5.10016  		6.0954   		4.23535  		5.077    		5.8613   		1.0      
16.3013  		4.03505  		4.87696  		5.78958  		4.62274  		5.37381  		6.38575  		4.55296  		5.60383  		6.52689  		1.0      
14.0382  		3.83902  		4.45468  		5.00429  		4.46055  		5.00651  		5.99219  		4.45154  		5.29318  		5.89916  		1.0      
9.72516  		2.54152  		3.06918  		3.61878  		2.07147  		2.61743  		3.5312   		1.86575  		2.70739  		3.31337  		1.0      
14.4152  		3.46686  		4.53538  		5.5978   		2.98611  		4.25634  		5.41271  		2.77724  		3.82811  		4.99886  		1.0      
13.8991  		3.81173  		4.47104  		5.17045  		4.38413  		5.05219  		6.03787  		4.27979  		5.12143  		5.81222  		1.0      
15.7103  		3.96612  		4.9343   		5.78349  		4.45844  		5.24611  		6.16945  		4.3537   		5.40457  		6.28155  		1.0      
13.0528  		3.38748  		4.26704  		5.04062  		3.95788  		4.80527  		5.72849  		4.02659  		4.74047  		5.58532  		1.0      
12.6292  		3.12468  		3.9467   		4.82096  		2.82781  		3.58264  		4.58924  		2.56132  		3.61219  		4.48917  		1.0      
5.66317  		2.11047  		2.45798  		2.6844   		2.0796   		2.18568  		2.47     		1.91371  		2.71002  		2.9484   		1.0      
12.0782  		3.37007  		3.9845   		4.70284  		4.28874  		5.04349  		6.02917  		4.13544  		4.97709  		5.74499  		1.0      
2.87025  		0.845897 		1.1416   		1.14846  		1.11176  		1.05499  		1.48698  		0.699582 		1.17938  		1.17584  		1.0      
12.0443  		3.11058  		3.95473  		4.47467  		3.95177  		4.61255  		5.53576  		4.0241   		4.66841  		5.22421  		1.0      
11.9618  		3.14143  		3.94137  		4.69715  		4.17458  		5.14974  		6.14498  		3.9777   		4.77811  		5.72434  		1.0      
4.9663   		1.96231  		2.16408  		2.30595  		1.79159  		1.66737  		1.91671  		1.62055  		2.26486  		2.27294  		1.0      
8.09591  		2.388    		2.56064  		2.85884  		2.93977  		3.24067  		3.52377  		3.03271  		3.164    		3.49969  		1.0      
8.85985  		2.23522  		2.49763  		2.93285  		2.95405  		3.62389  		4.52864  		3.50322  		3.23502  		3.61205  		1.0      
1.0378   		0.837692 		0.684479 		0.573671 		-0.133164		-0.329614		-0.329942		-0.141606		-0.0103103		-0.0279207		1.0      
6.2828   		1.67153  		1.76598  		1.93358  		2.54988  		2.93747  		3.08837  		2.66588  		2.73209  		3.07104  		1.0      
6.16345  		1.94635  		2.14146  		2.45861  		2.84439  		3.23197  		3.38288  		2.88836  		3.01966  		3.43246  		1.0      
10.8816  		2.78238  		3.32001  		4.01992  		3.50921  		4.21164  		4.94651  		3.7062   		4.13429  		4.81859  		1.0      
8.9737   		2.28784  		2.5678   		3.19606  		3.26963  		4.15955  		5.13632  		3.44983  		3.53247  		4.20061  		1.0      
6.26232  		1.57262  		1.73436  		2.09389  		2.82229  		3.49213  		4.39688  		3.24375  		2.8589   		3.23593  		1.0      
7.70877  		2.05545  		2.36787  		2.54943  		3.01899  		3.50221  		4.40696  		3.50098  		3.26009  		3.43348  		1.0      
7.19842  		1.7689   		2.02848  		2.30447  		3.07272  		3.3786   		4.11347  		3.1216   		3.22838  		3.46611  		1.0      
3.26774  		1.26744  		1.51963  		1.99903  		0.624625 		1.0639   		1.21933  		0.50859  		0.936674 		1.54396  		1.0      
12.7419  		3.13188  		3.94783  		4.6861   		3.93648  		4.71047  		5.68725  		3.74772  		4.48018  		5.21057  		1.0      
8.33483  		2.4331   		2.91018  		3.70814  		1.38025  		2.43006  		3.05872  		1.39078  		1.90359  		2.80465  		1.0      
2.18622  		1.02844  		0.9522   		1.28566  		-0.0628468		0.238059 		0.369918 		-0.157488		0.0460515		0.381737 		1.0      
10.965   		2.83777  		3.50508  		4.20499  		3.71493  		4.41736  		5.15224  		3.7211   		4.37271  		5.05702  		1.0      
7.40929  		1.89342  		2.28269  		2.55868  		3.27844  		3.58433  		4.3192   		3.20563  		3.53595  		3.77368  		1.0      
6.28917  		1.71788  		2.00648  		2.20678  		3.17777  		3.48365  		3.90675  		3.0301   		3.25974  		3.49747  		1.0      
3.00604  		1.21613  		1.44673  		1.92056  		0.679068 		1.11834  		1.27377  		0.416802 		0.91713  		1.52442  		1.0      
12.6887  		2.98044  		3.86252  		4.76953  		3.78329  		4.76607  		5.74285  		3.7211   		4.44107  		5.33339  		1.0      
10.965   		2.83777  		3.50508  		4.20499  		3.71493  		4.41736  		5.15224  		3.7211   		4.37271  		5.05702  		1.0      
3.00604  		1.21613  		1.44673  		1.92056  		0.679068 		1.11834  		1.27377  		0.416802 		0.91713  		1.52442  		1.0      
11.0302  		3.04079  		3.48498  		4.02018  		3.79924  		4.48038  		5.30592  		3.91966  		4.27448  		4.78069  		1.0      
12.6887  		2.98044  		3.86252  		4.76953  		3.78329  		4.76607  		5.74285  		3.7211   		4.44107  		5.33339  		1.0      
9.42765  		2.38977  		2.94085  		3.56911  		3.54371  		4.43363  		5.41041  		3.44292  		3.81744  		4.48558  		1.0      
6.75149  		1.94084  		2.24461  		2.51773  		2.89719  		3.25739  		3.4083   		2.8638   		3.18771  		3.55088  		1.0      
3.18951  		1.27557  		1.44366  		1.91749  		0.708999 		1.08577  		1.2412   		0.429412 		0.92974  		1.47452  		1.0      
5.96139  		1.87749  		2.08058  		2.27803  		2.78571  		3.14591  		3.29682  		2.65865  		2.88189  		3.24506  		1.0      
6.59926  		1.72369  		2.10545  		2.39916  		3.10539  		3.37972  		3.75038  		3.34191  		3.16516  		3.50311  		1.0      
5.80988  		1.76836  		2.05984  		2.37295  		2.38453  		2.82605  		3.01547  		2.36427  		2.85202  		3.10327  		1.0      
5.92691  		2.07297  		2.36446  		2.75142  		2.59952  		3.04104  		3.23045  		2.50216  		3.06872  		3.39382  		1.0      
12.2708  		3.0622   		3.98053  		4.84708  		3.95847  		4.74615  		5.67049  		3.83895  		4.62316  		5.33394  		1.0      
8.985    		2.39504  		3.13654  		3.64783  		2.96646  		3.49202  		3.73658  		2.84818  		3.63239  		4.01152  		1.0      
3.39493  		1.13958  		1.57972  		1.81342  		0.846857 		1.09207  		1.07723  		0.76384  		1.17766  		1.34878  		1.0      
5.47364  		2.15153  		2.43182  		2.72817  		2.67002  		3.08415  		3.27356  		2.53099  		3.14728  		3.42274  		1.0      
8.38957  		2.77422  		3.43139  		3.70841  		3.39008  		3.55096  		3.68929  		3.3086   		4.25727  		4.4082   		1.0      
10.1178  		2.81503  		3.3002   		3.56638  		3.23988  		3.67431  		4.40303  		3.74246  		3.75454  		4.07049  		1.0      
9.94972  		2.13153  		2.50429  		3.15773  		3.13597  		3.94815  		4.8529   		3.4758   		3.28162  		4.05831  		1.0      
7.82656  		2.49191  		3.19261  		3.57682  		3.36877  		3.62821  		3.67307  		3.27043  		4.09256  		4.34854  		1.0      
12.6639  		3.22601  		4.18619  		5.06831  		4.17126  		5.1112   		6.08798  		3.96968  		4.93477  		5.81285  		1.0      
12.6843  		3.22601  		4.18619  		5.06831  		4.17126  		5.1112   		6.08798  		3.96968  		4.93477  		5.81285  		1.0      
9.63338  		2.13801  		2.51077  		3.16421  		3.13807  		3.95024  		4.85499  		3.54614  		3.34198  		4.11868  		1.0      
7.947    		2.239    		2.5742   		2.88495  		3.19492  		3.55082  		4.27954  		3.38091  		3.16808  		3.61574  		1.0      
6.16674  		1.84705  		2.23278  		2.3918   		2.82874  		3.09266  		3.20896  		2.55833  		3.07629  		3.10225  		1.0      
2.3453   		0.808045 		0.843406 		1.04859  		-0.599377		0.132444 		0.606295 		-0.265082		-0.554703		-0.25606 		1.0      
7.947    		2.239    		2.5742   		2.88495  		3.19492  		3.55082  		4.27954  		3.38091  		3.16808  		3.61574  		1.0      
5.0525   		1.77481  		2.13139  		2.3157   		2.78868  		3.04811  		3.09297  		2.46699  		3.1115   		3.24892  		1.0      
5.21595  		1.73907  		2.08446  		2.30418  		2.94819  		3.18024  		3.22509  		2.55662  		3.21756  		3.37919  		1.0      
6.04816  		1.81338  		2.1991   		2.35812  		2.81361  		3.07753  		3.19382  		2.52844  		3.04262  		3.06857  		1.0      
5.3022   		1.85126  		2.19665  		2.41636  		2.93738  		3.16943  		3.21428  		2.52701  		3.18794  		3.34958  		1.0      
11.0953  		3.05409  		3.75907  		4.34802  		3.66586  		4.17319  		4.9288   		3.76317  		4.27401  		4.77678  		1.0      
6.40934  		1.75957  		2.09418  		2.45263  		2.9782   		3.28537  		3.65602  		3.21472  		3.03797  		3.44263  		1.0      
6.66729  		1.89986  		2.23447  		2.54075  		3.14423  		3.4514   		4.11634  		3.06276  		3.23214  		3.6368   		1.0      
6.40774  		1.84891  		2.08159  		2.61027  		2.96642  		3.60768  		4.33303  		3.24039  		2.95914  		3.59922  		1.0      
9.42423  		2.39504  		3.13654  		3.64783  		2.96646  		3.49202  		3.73658  		2.84818  		3.63239  		4.01152  		1.0      
3.09672  		1.13958  		1.57972  		1.81342  		0.846857 		1.09207  		1.07723  		0.76384  		1.17766  		1.34878  		1.0      
2.95811  		0.974891 		1.40549  		1.6392   		0.731402 		0.967078 		0.952247 		0.552323 		0.966145 		1.12773  		1.0      
5.76223  		2.03942  		2.31972  		2.61606  		2.55791  		2.97204  		3.16146  		2.53099  		3.03517  		3.31063  		1.0      
8.38577  		1.57914  		1.74509  		2.39853  		2.78786  		3.60004  		4.50479  		3.07916  		2.62217  		3.39887  		1.0      
10.6319  		2.28429  		2.75495  		3.63707  		3.45649  		4.39643  		5.3732   		3.20515  		3.6457   		4.52377  		1.0      
7.93456  		2.24965  		2.63976  		3.20973  		3.40336  		4.13452  		4.86323  		3.58936  		3.37653  		4.09267  		1.0      
1.66282  		1.45799  		1.47289  		1.65472  		0.555484 		1.28731  		1.60969  		1.08833  		0.625602 		0.924245 		1.0      
11.1861  		2.38117  		3.29183  		4.17396  		3.84702  		4.78696  		5.76374  		3.09134  		3.98574  		4.86381  		1.0      
5.43738  		1.41325  		1.74844  		2.0592   		2.91773  		3.27363  		3.91167  		2.87586  		2.72948  		3.17715  		1.0      
5.43738  		1.41325  		1.74844  		2.0592   		2.91773  		3.27363  		3.91167  		2.87586  		2.72948  		3.17715  		1.0      
6.43354  		1.81338  		2.1991   		2.35812  		2.81361  		3.07753  		3.19382  		2.52844  		3.04262  		3.06857  		1.0      
6.34534  		1.79459  		2.10765  		2.29945  		2.79221  		2.9531   		3.09143  		2.36918  		3.01368  		3.1199   		1.0      
6.96228  		2.20701  		2.54111  		2.87036  		3.13654  		3.3093   		3.55792  		2.79749  		3.31545  		3.49883  		1.0      
5.85165  		1.94997  		2.26302  		2.45482  		2.84649  		3.00737  		3.14571  		2.52455  		3.16906  		3.27528  		1.0      
7.28112  		2.18217  		2.53875  		2.79691  		2.95005  		3.20949  		3.25434  		2.75554  		3.2735   		3.48477  		1.0      
5.50613  		1.77481  		2.13139  		2.3157   		2.78868  		3.04811  		3.09297  		2.46699  		3.1115   		3.24892  		1.0      
8.59844  		1.81545  		2.27311  		2.66113  		2.95515  		3.59545  		4.5002   		3.16812  		2.97322  		3.44908  		1.0      
8.42835  		1.69196  		2.18502  		2.83846  		3.09125  		3.90343  		4.80818  		3.17018  		3.03204  		3.80873  		1.0      
11.0989  		2.61684  		3.52751  		4.40963  		3.97961  		4.91955  		5.89632  		3.36447  		4.27529  		5.15336  		1.0      
5.30998  		1.41325  		1.74844  		2.0592   		2.91773  		3.27363  		3.69672  		2.87586  		2.72948  		3.17715  		1.0      
